# 3ds Max Wavefront OBJ Exporter v0.99 - (c)2007 guruware
# File Created: 03.09.2023 11:39:23

mtllib Lancer_Attached.mtl

#
# object s_0822
#

v  83.0505 56.3463 229.0143
v  79.2670 70.2293 226.8925
v  75.7045 65.0307 252.6918
v  78.8284 55.8195 250.2562
v  71.2596 78.5322 227.0443
v  81.0632 72.6821 197.0476
v  73.5144 83.0511 195.4603
v  83.1215 62.8214 212.4917
v  83.1880 53.4479 231.1080
v  80.0316 51.4465 252.2876
v  82.4224 36.1385 240.3326
v  80.0790 35.1722 252.5703
v  82.5309 15.9738 241.9613
v  82.4014 23.9162 242.1972
v  78.1347 23.8880 258.3000
v  76.9273 15.5721 259.8019
v  68.1155 66.1445 264.3746
v  82.8754 56.0865 182.9085
v  80.8912 73.6777 172.6569
v  83.1406 62.5509 195.5945
v  65.8781 106.7216 -50.0303
v  54.5213 121.7569 -38.5808
v  63.7878 114.2567 -30.5590
v  69.9951 100.9602 -41.8672
v  74.3315 85.1843 169.2629
v  74.7203 85.8437 158.4073
v  81.3508 75.5607 108.8600
v  75.5213 87.6692 109.7133
v  71.3427 94.1304 146.3326
v  65.9285 107.4370 128.5407
v  60.8760 119.8448 109.3981
v  58.1667 126.4855 98.1155
v  55.5712 131.5437 77.6553
v  50.0787 136.0446 58.3055
v  52.0567 133.7789 80.2887
v  54.2965 133.4770 56.2560
v  74.4845 93.4700 -9.3226
v  54.6288 132.7098 19.4192
v  55.3600 131.5240 2.3988
v  58.5103 124.8541 -15.2666
v  62.0384 102.0528 -75.3528
v  70.9430 96.5353 -56.4897
v  67.2693 93.1492 -112.1715
v  59.2159 97.7736 -116.9838
v  51.5485 130.6890 -18.4489
v  49.6372 135.2039 1.7937
v  80.8055 81.6555 -42.7729
v  81.3547 61.4838 4.8747
v  82.0020 49.3663 -14.3739
v  82.0664 58.2118 -24.3700
v  80.8836 79.2994 -10.8860
v  82.2293 59.4049 -57.6317
v  79.0554 82.4749 -69.6608
v  82.1543 62.4916 -42.6507
v  81.1859 60.2031 -87.0845
v  82.2382 50.2211 -70.9970
v  75.0663 82.3207 -110.4110
v  80.1474 40.0747 -94.4704
v  76.3548 42.1749 -117.1696
v  75.6488 61.2183 -120.5033
v  80.5636 20.3728 98.5228
v  82.1055 54.3696 157.3385
v  80.6319 20.5837 148.3943
v  80.2360 35.9570 -8.0522
v  81.1322 43.4758 13.8897
v  81.0713 41.4246 173.1840
v  80.5098 20.5248 17.1593
v  80.5603 20.3740 170.9620
v  80.5268 20.7351 -6.7297
v  73.9045 64.3954 -119.6048
v  71.4928 83.2718 -121.0056
v  64.6128 92.8431 -123.3763
v  81.3783 35.5480 -76.6593
v  80.1072 24.3529 -95.8196
v  77.1562 28.0532 -115.8955
v  81.1261 21.5793 -77.2636
v  57.2238 97.3381 -125.0907
v  54.3834 127.9266 99.7339
v  67.1973 96.7597 150.1518
v  70.2245 89.0214 161.3048
v  62.0513 109.2473 131.4868
v  56.8485 121.3414 111.7893
v  58.2478 110.4393 -59.4177
v  49.4513 136.4664 19.4571
v  -82.6215 56.3463 229.0143
v  -78.3994 55.8195 250.2562
v  -75.2755 65.0307 252.6918
v  -78.8380 70.2293 226.8925
v  -70.8306 78.5322 227.0443
v  -73.0853 83.0511 195.4603
v  -80.6342 72.6821 197.0476
v  -82.6925 62.8214 212.4917
v  -82.7589 53.4479 231.1080
v  -79.6026 51.4465 252.2876
v  -81.9934 36.1385 240.3326
v  -79.6499 35.1722 252.5703
v  -82.1019 15.9738 241.9613
v  -76.4983 15.5721 259.8019
v  -77.7057 23.8880 258.3000
v  -81.9723 23.9162 242.1972
v  -67.6865 66.1445 264.3746
v  -82.4464 56.0865 182.9085
v  -82.7116 62.5509 195.5945
v  -80.4621 73.6777 172.6569
v  -65.4491 106.7216 -50.0303
v  -69.5661 100.9602 -41.8672
v  -63.3588 114.2567 -30.5590
v  -54.0922 121.7569 -38.5808
v  -73.9025 85.1843 169.2629
v  -74.2912 85.8437 158.4073
v  -80.9217 75.5607 108.8600
v  -75.0923 87.6692 109.7133
v  -70.9136 94.1304 146.3326
v  -65.4995 107.4370 128.5407
v  -60.4470 119.8448 109.3981
v  -57.7377 126.4855 98.1155
v  -55.1422 131.5437 77.6553
v  -49.6497 136.0446 58.3055
v  -53.8674 133.4770 56.2560
v  -51.6277 133.7789 80.2887
v  -74.0555 93.4700 -9.3226
v  -54.1998 132.7098 19.4192
v  -54.9310 131.5240 2.3988
v  -58.0812 124.8541 -15.2666
v  -61.6094 102.0528 -75.3528
v  -58.7869 97.7736 -116.9838
v  -66.8403 93.1492 -112.1715
v  -70.5139 96.5353 -56.4897
v  -51.1195 130.6890 -18.4489
v  -49.2082 135.2039 1.7937
v  -80.3764 81.6555 -42.7729
v  -80.9256 61.4838 4.8747
v  -80.4545 79.2994 -10.8860
v  -81.6374 58.2118 -24.3700
v  -81.5729 49.3663 -14.3739
v  -81.8003 59.4049 -57.6317
v  -81.7253 62.4916 -42.6507
v  -78.6264 82.4749 -69.6608
v  -80.7569 60.2031 -87.0845
v  -81.8092 50.2211 -70.9970
v  -74.6372 82.3207 -110.4110
v  -79.7184 40.0747 -94.4704
v  -75.2198 61.2183 -120.5033
v  -75.9257 42.1749 -117.1696
v  -80.1346 20.3728 98.5228
v  -80.2029 20.5837 148.3943
v  -81.6765 54.3696 157.3385
v  -79.8070 35.9570 -8.0522
v  -80.7032 43.4758 13.8897
v  -80.6423 41.4246 173.1840
v  -80.0807 20.5248 17.1593
v  -80.1313 20.3740 170.9620
v  -80.0977 20.7351 -6.7297
v  -73.4755 64.3954 -119.6048
v  -71.0638 83.2718 -121.0056
v  -64.1837 92.8431 -123.3763
v  -80.9492 35.5480 -76.6593
v  -76.7272 28.0532 -115.8955
v  -79.6782 24.3529 -95.8196
v  -80.6970 21.5793 -77.2636
v  -56.7947 97.3381 -125.0907
v  -53.9544 127.9266 99.7339
v  -66.7682 96.7597 150.1518
v  -69.7955 89.0214 161.3048
v  -61.6223 109.2473 131.4868
v  -56.4195 121.3414 111.7893
v  -57.8188 110.4393 -59.4177
v  -49.0223 136.4664 19.4571
v  63.4521 -0.1656 196.5258
v  63.4521 -1.6216 205.5388
v  63.4521 26.9109 205.5388
v  63.4521 -0.1656 214.5518
v  63.4521 3.8876 222.3836
v  63.4521 10.0662 228.5621
v  63.4521 17.8979 232.6154
v  63.4521 26.9109 234.0713
v  63.4521 35.9240 232.6154
v  63.4521 43.7557 228.5621
v  63.4521 49.9342 222.3836
v  63.4521 53.9875 214.5518
v  63.4521 55.4435 205.5388
v  63.4521 53.9875 196.5258
v  63.4521 49.9342 188.6940
v  63.4521 43.7557 182.5155
v  63.4521 35.9240 178.4623
v  63.4521 26.9109 177.0063
v  63.4521 17.8979 178.4623
v  63.4521 10.0662 182.5155
v  63.4521 3.8876 188.6940
v  81.3143 26.9109 205.5388
v  81.3143 -1.6216 205.5388
v  81.3143 -0.1656 196.5258
v  81.3143 -0.1656 214.5518
v  81.3143 3.8877 222.3836
v  81.3143 10.0662 228.5621
v  81.3143 17.8979 232.6154
v  81.3143 26.9109 234.0713
v  81.3143 35.9240 232.6154
v  81.3143 43.7557 228.5621
v  81.3143 49.9342 222.3836
v  81.3143 53.9875 214.5518
v  81.3143 55.4435 205.5388
v  81.3143 53.9875 196.5258
v  81.3143 49.9342 188.6940
v  81.3143 43.7557 182.5155
v  81.3143 35.9240 178.4623
v  81.3143 26.9109 177.0063
v  81.3143 17.8979 178.4623
v  81.3143 10.0662 182.5155
v  81.3143 3.8877 188.6941
v  -63.0230 -0.1656 196.5258
v  -63.0230 26.9109 205.5388
v  -63.0230 -1.6216 205.5388
v  -63.0230 -0.1656 214.5518
v  -63.0230 3.8877 222.3836
v  -63.0230 10.0662 228.5621
v  -63.0230 17.8979 232.6154
v  -63.0230 26.9109 234.0713
v  -63.0230 35.9240 232.6154
v  -63.0230 43.7557 228.5621
v  -63.0230 49.9342 222.3836
v  -63.0230 53.9875 214.5518
v  -63.0230 55.4435 205.5388
v  -63.0230 53.9875 196.5258
v  -63.0230 49.9342 188.6940
v  -63.0230 43.7557 182.5155
v  -63.0230 35.9240 178.4623
v  -63.0230 26.9109 177.0063
v  -63.0230 17.8979 178.4623
v  -63.0230 10.0662 182.5155
v  -63.0230 3.8877 188.6940
v  -80.8853 26.9109 205.5388
v  -80.8853 -0.1656 196.5258
v  -80.8853 -1.6216 205.5388
v  -80.8853 -0.1656 214.5518
v  -80.8853 3.8877 222.3836
v  -80.8853 10.0662 228.5621
v  -80.8853 17.8979 232.6154
v  -80.8853 26.9109 234.0713
v  -80.8853 35.9240 232.6154
v  -80.8853 43.7557 228.5621
v  -80.8853 49.9342 222.3836
v  -80.8853 53.9875 214.5518
v  -80.8853 55.4435 205.5388
v  -80.8853 53.9875 196.5258
v  -80.8853 49.9342 188.6940
v  -80.8853 43.7557 182.5155
v  -80.8853 35.9240 178.4623
v  -80.8853 26.9109 177.0063
v  -80.8853 17.8979 178.4623
v  -80.8853 10.0662 182.5155
v  -80.8853 3.8877 188.6940
v  63.4521 -0.1656 -52.1029
v  63.4521 -1.6216 -43.0899
v  63.4521 26.9109 -43.0899
v  63.4521 -0.1656 -34.0769
v  63.4521 3.8876 -26.2451
v  63.4521 10.0662 -20.0666
v  63.4521 17.8979 -16.0134
v  63.4521 26.9109 -14.5574
v  63.4521 35.9240 -16.0134
v  63.4521 43.7557 -20.0666
v  63.4521 49.9342 -26.2451
v  63.4521 53.9875 -34.0769
v  63.4521 55.4435 -43.0899
v  63.4521 53.9875 -52.1029
v  63.4521 49.9342 -59.9347
v  63.4521 43.7557 -66.1132
v  63.4521 35.9240 -70.1665
v  63.4521 26.9109 -71.6224
v  63.4521 17.8979 -70.1665
v  63.4521 10.0662 -66.1132
v  63.4521 3.8876 -59.9347
v  81.3143 26.9109 -43.0899
v  81.3143 -1.6216 -43.0899
v  81.3143 -0.1656 -52.1029
v  81.3143 -0.1656 -34.0769
v  81.3143 3.8876 -26.2451
v  81.3143 10.0662 -20.0666
v  81.3143 17.8979 -16.0134
v  81.3143 26.9109 -14.5574
v  81.3143 35.9240 -16.0134
v  81.3143 43.7557 -20.0666
v  81.3143 49.9342 -26.2451
v  81.3143 53.9875 -34.0769
v  81.3143 55.4435 -43.0899
v  81.3143 53.9875 -52.1029
v  81.3143 49.9342 -59.9347
v  81.3143 43.7557 -66.1132
v  81.3143 35.9240 -70.1665
v  81.3143 26.9109 -71.6224
v  81.3143 17.8979 -70.1665
v  81.3143 10.0662 -66.1132
v  81.3143 3.8876 -59.9347
v  -63.0231 -0.1656 -52.1029
v  -63.0230 26.9109 -43.0899
v  -63.0230 -1.6216 -43.0899
v  -63.0230 -0.1656 -34.0769
v  -63.0230 3.8876 -26.2451
v  -63.0230 10.0662 -20.0666
v  -63.0230 17.8979 -16.0134
v  -63.0230 26.9109 -14.5574
v  -63.0230 35.9240 -16.0134
v  -63.0230 43.7557 -20.0666
v  -63.0230 49.9342 -26.2452
v  -63.0230 53.9875 -34.0769
v  -63.0230 55.4435 -43.0899
v  -63.0230 53.9875 -52.1029
v  -63.0230 49.9342 -59.9347
v  -63.0230 43.7557 -66.1132
v  -63.0230 35.9240 -70.1665
v  -63.0230 26.9109 -71.6224
v  -63.0230 17.8979 -70.1665
v  -63.0230 10.0662 -66.1132
v  -63.0231 3.8876 -59.9347
v  -80.8853 26.9109 -43.0899
v  -80.8853 -0.1656 -52.1029
v  -80.8853 -1.6216 -43.0899
v  -80.8853 -0.1656 -34.0769
v  -80.8853 3.8877 -26.2451
v  -80.8853 10.0662 -20.0666
v  -80.8853 17.8979 -16.0134
v  -80.8853 26.9109 -14.5574
v  -80.8853 35.9240 -16.0134
v  -80.8853 43.7557 -20.0666
v  -80.8853 49.9342 -26.2451
v  -80.8853 53.9875 -34.0769
v  -80.8853 55.4435 -43.0899
v  -80.8853 53.9875 -52.1029
v  -80.8853 49.9342 -59.9347
v  -80.8853 43.7557 -66.1132
v  -80.8853 35.9240 -70.1665
v  -80.8853 26.9109 -71.6224
v  -80.8853 17.8979 -70.1665
v  -80.8853 10.0662 -66.1132
v  -80.8853 3.8877 -59.9347
v  56.9293 55.9289 278.8178
v  58.9643 49.0175 283.0840
v  69.7633 49.3397 274.0848
v  68.0536 55.1699 269.6977
v  55.5796 65.4790 273.1826
v  36.6285 62.4700 280.2495
v  65.2589 15.1124 274.0106
v  68.2646 23.4450 271.1950
v  58.2582 27.2219 282.1224
v  55.4641 15.5115 279.3704
v  71.5862 27.5666 270.9349
v  72.7679 34.8890 271.4541
v  35.6365 25.7478 288.7237
v  36.2222 17.1957 288.8655
v  35.4075 48.7319 291.3755
v  68.4395 32.7951 279.0539
v  67.5762 28.6640 278.5399
v  65.6181 43.8657 282.6128
v  59.0097 45.3732 285.1920
v  35.7148 45.1389 291.2058
v  0.2145 17.7758 292.1565
v  0.2145 25.0965 290.5370
v  0.2145 48.5759 295.2606
v  0.2145 61.9584 283.7924
v  0.2145 44.9854 294.7284
v  -56.5002 55.9289 278.8178
v  -67.6246 55.1699 269.6977
v  -69.3342 49.3397 274.0848
v  -58.5353 49.0175 283.0840
v  -55.1506 65.4790 273.1826
v  -36.1995 62.4700 280.2495
v  -64.8299 15.1124 274.0106
v  -55.0351 15.5115 279.3704
v  -57.8291 27.2219 282.1224
v  -67.8355 23.4450 271.1950
v  -71.1572 27.5666 270.9349
v  -72.3389 34.8890 271.4541
v  -35.2074 25.7478 288.7237
v  -35.7932 17.1957 288.8655
v  -34.9784 48.7319 291.3755
v  -67.1472 28.6640 278.5399
v  -68.0105 32.7951 279.0539
v  -65.1891 43.8657 282.6128
v  -58.5807 45.3732 285.1920
v  -35.2858 45.1389 291.2058
v  62.5268 85.1151 194.6394
v  70.5608 87.4140 170.6950
v  54.3417 88.4326 180.7245
v  52.6805 87.6778 192.4883
v  60.3038 80.1239 227.2496
v  40.5396 75.1114 253.3105
v  56.1985 69.6021 264.6450
v  46.9723 83.0560 222.3098
v  50.2998 89.5346 168.4291
v  47.9725 97.3738 157.4691
v  43.2983 109.8574 138.0631
v  29.6701 139.4882 20.7638
v  36.6323 137.8546 60.8286
v  32.7672 123.9814 -41.6506
v  30.8188 133.2816 -22.4069
v  41.6902 110.8044 -65.1459
v  43.9775 101.6268 -81.5758
v  37.0182 99.6545 -119.1760
v  34.8457 98.9383 -128.1983
v  38.7264 122.3896 117.9632
v  37.8898 135.4840 84.0353
v  35.9549 129.6661 104.6607
v  26.4408 102.1647 -84.2868
v  28.1745 137.8542 -2.0272
v  36.3506 69.6482 269.8962
v  25.5984 76.7685 262.4795
v  29.6553 78.9288 252.8098
v  17.2467 81.2960 251.6452
v  19.6523 76.2658 265.0489
v  23.6698 69.7051 272.7395
v  40.4398 88.5427 192.8046
v  36.4863 84.8226 223.2700
v  0.2145 75.9662 267.5038
v  0.2145 69.4562 275.4512
v  0.2145 85.2699 219.5417
v  0.2145 84.4847 225.8738
v  20.5046 88.8999 197.7056
v  18.8427 90.0311 189.1790
v  39.4468 89.1721 185.8134
v  34.6635 90.7346 172.4065
v  21.0030 123.1610 121.1785
v  18.3542 112.2920 141.3352
v  24.7911 111.4167 -67.8604
v  18.5824 100.6317 160.3656
v  16.8616 91.2831 175.1977
v  0.2145 90.0022 189.9478
v  0.2145 88.9865 198.9072
v  19.4540 130.7961 106.4185
v  21.5191 138.8651 63.7857
v  21.6673 136.5719 87.8026
v  0.2145 140.6711 19.6750
v  0.2145 139.3857 65.8435
v  0.2145 100.3817 -118.7181
v  0.2145 102.5408 -85.6555
v  0.2145 99.2709 -129.2669
v  0.2145 79.8344 252.5942
v  0.2145 92.4479 176.0113
v  0.2145 101.9954 159.2362
v  0.2145 139.0709 -1.8467
v  0.2145 133.8776 -26.6319
v  0.2145 125.1392 -44.6217
v  0.2145 131.3195 106.7593
v  0.2145 136.9131 89.1582
v  0.2145 113.6042 140.2207
v  0.2145 123.7905 121.6159
v  0.2145 111.7727 -68.9566
v  -62.0978 85.1151 194.6394
v  -52.2515 87.6778 192.4883
v  -53.9126 88.4326 180.7245
v  -70.1317 87.4140 170.6950
v  -59.8748 80.1239 227.2496
v  -40.1105 75.1114 253.3105
v  -46.5432 83.0560 222.3098
v  -55.7695 69.6021 264.6450
v  -49.8708 89.5346 168.4291
v  -47.5434 97.3738 157.4691
v  -42.8693 109.8574 138.0631
v  -36.2033 137.8546 60.8286
v  -29.2411 139.4882 20.7638
v  -30.3897 133.2816 -22.4069
v  -32.3382 123.9814 -41.6506
v  -41.2612 110.8044 -65.1459
v  -43.5485 101.6268 -81.5758
v  -36.5892 99.6545 -119.1760
v  -34.4167 98.9383 -128.1983
v  -38.2974 122.3896 117.9632
v  -37.4608 135.4840 84.0353
v  -35.5259 129.6661 104.6607
v  -26.0118 102.1647 -84.2868
v  -27.7454 137.8542 -2.0272
v  -35.9215 69.6482 269.8962
v  -25.1694 76.7685 262.4795
v  -19.2233 76.2658 265.0489
v  -16.8177 81.2960 251.6452
v  -29.2263 78.9288 252.8098
v  -23.2408 69.7051 272.7395
v  -40.0107 88.5427 192.8046
v  -36.0573 84.8226 223.2700
v  -20.0756 88.8999 197.7056
v  -18.4137 90.0311 189.1790
v  -39.0178 89.1721 185.8134
v  -34.2345 90.7346 172.4065
v  -20.5739 123.1610 121.1785
v  -17.9252 112.2920 141.3352
v  -24.3621 111.4167 -67.8604
v  -18.1534 100.6317 160.3656
v  -16.4326 91.2831 175.1977
v  -19.0249 130.7961 106.4185
v  -21.0901 138.8651 63.7857
v  -21.2383 136.5719 87.8026
v  58.4221 87.0370 -126.7696
v  64.2333 83.2484 -125.2971
v  65.7162 64.5334 -124.4070
v  40.7183 64.1175 -129.7495
v  52.9198 42.8709 -133.3750
v  28.7280 43.4074 -135.9958
v  39.3159 61.4852 -134.8450
v  54.5637 61.5585 -132.6038
v  0.2145 60.7658 -136.3994
v  0.2145 60.9898 -135.9662
v  51.8124 89.9143 -127.8183
v  69.2106 61.3383 -127.6069
v  69.1119 42.3349 -127.2899
v  69.4033 30.3509 -129.1025
v  53.3857 29.4372 -137.4098
v  29.7539 31.4330 -138.0293
v  0.2145 43.3293 -137.1646
v  0.2145 89.7772 -131.4626
v  0.2145 31.7611 -138.8530
v  -57.9931 87.0370 -126.7696
v  -40.2893 64.1175 -129.7495
v  -65.2872 64.5334 -124.4070
v  -63.8043 83.2484 -125.2971
v  -52.4907 42.8709 -133.3750
v  -54.1346 61.5585 -132.6038
v  -38.8869 61.4852 -134.8450
v  -28.2989 43.4074 -135.9958
v  -51.3834 89.9143 -127.8183
v  -68.7816 61.3383 -127.6069
v  -68.6829 42.3349 -127.2899
v  -68.9742 30.3509 -129.1025
v  -52.9566 29.4372 -137.4098
v  -29.3249 31.4330 -138.0293
v  75.4119 95.8922 139.2942
v  70.4954 95.2100 140.3245
v  71.2426 94.6644 142.1957
v  77.5782 95.5471 141.6976
v  94.4574 101.6034 129.2660
v  89.9290 103.5928 130.6526
v  90.7413 102.0090 135.7199
v  95.0102 100.2761 133.8612
v  96.9763 96.9697 133.0507
v  96.6551 97.4558 128.8607
v  78.8639 97.4975 141.2112
v  79.2250 100.2919 140.3724
v  78.0746 101.6565 138.1705
v  76.5668 98.1580 139.0590
v  77.1372 102.7226 134.5255
v  75.7900 99.3069 134.8274
v  80.5870 103.3133 137.2424
v  81.7214 101.9853 139.4658
v  80.6178 104.1118 133.5065
v  70.0957 95.4437 136.5757
v  74.4684 96.2889 136.4472
v  -74.9829 95.8922 139.2942
v  -77.1492 95.5471 141.6976
v  -70.8136 94.6644 142.1957
v  -70.0663 95.2100 140.3245
v  -94.0284 101.6034 129.2660
v  -94.5812 100.2761 133.8612
v  -90.3122 102.0090 135.7199
v  -89.5000 103.5928 130.6526
v  -96.2261 97.4558 128.8607
v  -96.5472 96.9697 133.0507
v  -78.4349 97.4975 141.2112
v  -76.1378 98.1580 139.0590
v  -77.6455 101.6565 138.1705
v  -78.7960 100.2919 140.3724
v  -75.3610 99.3069 134.8274
v  -76.7081 102.7226 134.5255
v  -80.1580 103.3133 137.2424
v  -81.2924 101.9853 139.4658
v  -80.1888 104.1118 133.5065
v  -69.6667 95.4437 136.5757
v  -74.0394 96.2889 136.4472
v  54.4430 20.7351 -6.7297
v  54.4430 20.3740 170.9620
v  0.2145 20.3741 170.9620
v  0.2145 20.7351 -6.7297
v  0.2145 21.5603 -77.2042
v  54.4430 21.5692 -77.2321
v  54.4430 56.3463 229.0143
v  54.4430 53.4479 231.1080
v  54.4430 59.6929 206.7444
v  54.4430 62.8214 212.4917
v  54.4430 49.3663 -14.3739
v  54.4430 50.2211 -70.9970
v  54.4430 59.4049 -57.6317
v  54.4430 58.2118 -24.3700
v  54.4430 35.9570 -8.0522
v  54.4430 35.5480 -76.6593
v  54.4430 62.4916 -42.6507
v  54.4430 23.9162 242.1972
v  54.4430 15.9724 241.9606
v  54.4430 41.4246 173.1840
v  54.4430 36.1385 240.3326
v  54.4430 52.4369 193.4146
v  54.4430 56.0865 182.9085
v  54.4430 62.5509 195.5945
v  0.2145 15.9711 241.9600
v  -54.0139 20.7351 -6.7297
v  -54.0139 20.3740 170.9620
v  -54.0139 21.5692 -77.2321
v  -54.0139 56.3463 229.0143
v  -54.0139 62.8214 212.4917
v  -54.0139 59.6929 206.7444
v  -54.0139 53.4479 231.1080
v  -54.0139 49.3663 -14.3739
v  -54.0139 58.2118 -24.3700
v  -54.0139 59.4049 -57.6317
v  -54.0139 50.2211 -70.9970
v  -54.0139 35.9570 -8.0522
v  -54.0139 35.5480 -76.6593
v  -54.0139 62.4916 -42.6507
v  -54.0139 23.9162 242.1972
v  -54.0139 41.4246 173.1840
v  -54.0139 15.9724 241.9606
v  -54.0139 36.1385 240.3326
v  -54.0139 52.4369 193.4146
v  -54.0139 56.0865 182.9085
v  -54.0139 62.5509 195.5945
v  75.3568 96.0119 134.8726
v  70.4918 89.0266 136.5779
v  76.1615 88.9012 135.5413
v  86.0984 96.9404 131.8647
v  96.9464 92.2823 128.5500
v  95.0269 90.7034 129.0992
v  89.0037 89.6520 130.8100
v  -74.9278 96.0119 134.8726
v  -70.0628 89.0266 136.5779
v  -75.7325 88.9012 135.5413
v  -85.6693 96.9404 131.8647
v  -96.5174 92.2823 128.5500
v  -94.5979 90.7034 129.0992
v  -88.5747 89.6520 130.8100
v  59.3265 102.1735 -126.4328
v  60.9813 102.3695 -94.1087
v  60.9760 98.8719 -93.8805
v  58.5199 96.9011 -124.9451
v  58.0530 106.2737 -127.7553
v  58.6619 109.4654 -99.9502
v  54.1670 114.8344 -130.4494
v  53.6228 117.7007 -108.3651
v  -58.8975 102.1735 -126.4328
v  -58.0908 96.9011 -124.9451
v  -60.5470 98.8719 -93.8805
v  -60.5523 102.3695 -94.1087
v  -58.2328 109.4654 -99.9502
v  -57.6240 106.2737 -127.7553
v  -53.7380 114.8344 -130.4494
v  -53.1938 117.7007 -108.3651
v  55.4295 102.6137 -126.8363
v  53.2421 100.8039 -126.5024
v  53.2421 100.8040 -93.6748
v  56.3106 102.5714 -93.8816
v  0.2145 106.7751 -130.5444
v  0.2145 106.7751 -97.7168
v  -55.0005 102.6137 -126.8363
v  -55.8816 102.5714 -93.8816
v  -52.8130 100.8040 -93.6748
v  -52.8130 100.8039 -126.5024
v  39.3864 122.5005 -132.6478
v  0.2145 123.8612 -132.7074
v  0.2145 125.0011 -132.9255
v  40.5120 123.7327 -133.0838
v  54.3602 105.6978 -127.6735
v  51.4574 113.3863 -129.9654
v  0.2145 99.1073 -129.1128
v  47.3390 119.4864 -131.7750
v  48.4160 121.1127 -132.4099
v  -38.9574 122.5005 -132.6478
v  -40.0830 123.7327 -133.0838
v  -51.0284 113.3863 -129.9654
v  -53.9312 105.6978 -127.6735
v  -47.9870 121.1127 -132.4099
v  -46.9100 119.4864 -131.7750
v  37.7727 122.4136 -114.0171
v  46.9889 120.6016 -111.5649
v  47.4012 121.8756 -113.1228
v  38.2874 123.2634 -115.0722
v  56.2500 100.2687 -93.2491
v  54.9744 108.0058 -98.5905
v  50.8934 116.3274 -107.0559
v  0.2145 124.3304 -116.7333
v  0.2145 123.2699 -115.2977
v  -37.3436 122.4136 -114.0171
v  -37.8584 123.2634 -115.0722
v  -46.9722 121.8756 -113.1228
v  -46.5599 120.6016 -111.5649
v  -55.8210 100.2687 -93.2491
v  -54.5454 108.0058 -98.5905
v  -50.4644 116.3274 -107.0559
v  53.2421 99.1423 -93.6748
v  56.3106 98.3129 -93.8816
v  0.2145 99.1772 -97.7168
v  -55.8816 98.3129 -93.8816
v  -52.8130 99.1423 -93.6748
v  -17.6682 47.4260 295.2476
v  -17.6682 36.4703 295.2476
v  18.3238 36.4703 295.2476
v  18.3238 47.4260 295.2476
v  18.3238 83.5559 -132.8131
v  18.3238 72.9735 -135.6486
v  -17.6682 72.9735 -135.6486
v  -17.6682 83.5559 -132.8131
v  92.6982 96.7291 136.7107
v  97.6306 92.4804 132.8059
v  80.7293 89.4372 139.7900
v  73.6883 89.3279 141.7668
v  81.0300 96.5489 141.1872
v  92.5073 94.8253 136.9396
v  95.9715 90.9842 133.3823
v  92.7063 90.3025 135.1734
v  80.9329 94.1757 141.4019
v  71.6653 93.6711 142.9820
v  -92.2691 96.7291 136.7107
v  -97.2016 92.4804 132.8059
v  -73.2593 89.3279 141.7668
v  -80.3003 89.4372 139.7900
v  -80.6010 96.5489 141.1872
v  -92.0783 94.8253 136.9396
v  -95.5424 90.9842 133.3823
v  -92.2773 90.3025 135.1734
v  -80.5039 94.1757 141.4019
v  -71.2363 93.6711 142.9820
# 716 vertices

vn 0.8778 -0.3637 -0.3118
vn 0.8495 0.5036 0.1574
vn 0.7803 0.5172 0.3517
vn 0.9009 0.3077 0.3061
vn 0.4414 0.8662 0.2342
vn 0.9129 0.4048 0.0521
vn 0.5217 0.8447 0.1198
vn 0.8897 -0.4372 -0.1314
vn 0.7980 -0.3036 -0.5206
vn 0.9289 0.1993 0.3122
vn 0.8122 -0.1978 -0.5488
vn 0.9652 -0.0186 0.2608
vn 0.6707 -0.5454 -0.5027
vn 0.8136 -0.0286 -0.5807
vn 0.9137 -0.0417 0.4043
vn 0.6401 -0.6823 0.3531
vn 0.5757 0.6206 0.5323
vn 0.8145 -0.4747 0.3335
vn 0.9545 0.2982 0.0063
vn 0.8408 -0.5307 0.1071
vn 0.7772 0.6043 -0.1754
vn 0.4453 0.8326 -0.3293
vn 0.8199 0.5531 -0.1477
vn 0.8753 0.4797 -0.0616
vn 0.7129 0.6975 0.0724
vn 0.7982 0.5934 0.1040
vn 0.9753 0.2207 0.0040
vn 0.9052 0.4245 0.0199
vn 0.8175 0.5538 0.1583
vn 0.7791 0.5962 0.1937
vn 0.7439 0.6361 0.2049
vn 0.7036 0.6947 0.1492
vn 0.7645 0.6439 0.0303
vn 0.3362 0.9411 0.0358
vn 0.3813 0.9128 0.1463
vn 0.7408 0.6717 0.0029
vn 0.9037 0.4282 -0.0060
vn 0.7584 0.6517 -0.0108
vn 0.7300 0.6796 -0.0722
vn 0.7925 0.5991 -0.1145
vn 0.4640 0.8578 -0.2209
vn 0.8307 0.5447 -0.1149
vn 0.6972 0.7042 -0.1346
vn 0.3462 0.9295 -0.1270
vn 0.4324 0.8706 -0.2347
vn 0.3451 0.9315 -0.1154
vn 0.9556 0.2936 -0.0231
vn 0.9999 0.0147 0.0091
vn 0.7735 -0.4199 -0.4747
vn 0.7840 -0.5531 -0.2818
vn 0.9736 0.2278 0.0134
vn 0.7986 -0.5522 0.2393
vn 0.9350 0.3482 -0.0672
vn 0.7845 -0.6201 -0.0038
vn 0.9926 0.0733 -0.0970
vn 0.8045 -0.3857 0.4517
vn 0.9371 0.2703 -0.2208
vn 0.9926 0.0008 -0.1218
vn 0.9258 -0.0064 -0.3779
vn 0.8686 0.2389 -0.4341
vn 0.7002 -0.7140 -0.0015
vn 0.9999 -0.0009 0.0163
vn 0.6965 -0.7175 0.0007
vn 0.7191 -0.2167 -0.6603
vn 0.9997 -0.0238 -0.0115
vn 0.7417 -0.2686 0.6147
vn 0.6948 -0.7192 -0.0027
vn 0.5736 -0.6136 0.5427
vn 0.5890 -0.5913 -0.5509
vn 0.7830 0.3135 -0.5372
vn 0.7807 0.2454 -0.5747
vn 0.6105 0.5154 -0.6013
vn 0.7659 -0.1612 0.6224
vn 0.7010 -0.6881 -0.1874
vn 0.7021 -0.6297 -0.3324
vn 0.5831 -0.6333 0.5088
vn 0.3117 0.7189 -0.6213
vn 0.3110 0.8937 0.3234
vn 0.4685 0.7844 0.4064
vn 0.4458 0.8488 0.2841
vn 0.4028 0.8159 0.4148
vn 0.3542 0.8427 0.4054
vn 0.4232 0.8337 -0.3548
vn 0.3748 0.9266 -0.0298
vn -0.8778 -0.3637 -0.3118
vn -0.9009 0.3077 0.3061
vn -0.7803 0.5172 0.3517
vn -0.8495 0.5036 0.1574
vn -0.4414 0.8662 0.2342
vn -0.5217 0.8447 0.1198
vn -0.9129 0.4048 0.0521
vn -0.8897 -0.4372 -0.1314
vn -0.7980 -0.3036 -0.5206
vn -0.9289 0.1993 0.3122
vn -0.8122 -0.1978 -0.5488
vn -0.9652 -0.0186 0.2608
vn -0.6707 -0.5454 -0.5027
vn -0.6401 -0.6823 0.3531
vn -0.9137 -0.0417 0.4043
vn -0.8136 -0.0286 -0.5807
vn -0.5757 0.6206 0.5323
vn -0.8145 -0.4747 0.3335
vn -0.8408 -0.5307 0.1071
vn -0.9545 0.2982 0.0063
vn -0.7772 0.6043 -0.1754
vn -0.8753 0.4797 -0.0616
vn -0.8199 0.5531 -0.1477
vn -0.4453 0.8326 -0.3293
vn -0.7129 0.6975 0.0724
vn -0.7982 0.5934 0.1040
vn -0.9753 0.2207 0.0040
vn -0.9052 0.4245 0.0199
vn -0.8175 0.5538 0.1583
vn -0.7791 0.5962 0.1937
vn -0.7439 0.6361 0.2049
vn -0.7036 0.6947 0.1492
vn -0.7645 0.6439 0.0303
vn -0.3362 0.9411 0.0358
vn -0.7408 0.6717 0.0029
vn -0.3813 0.9128 0.1463
vn -0.9037 0.4282 -0.0060
vn -0.7584 0.6517 -0.0108
vn -0.7300 0.6796 -0.0722
vn -0.7925 0.5991 -0.1145
vn -0.4640 0.8578 -0.2209
vn -0.3462 0.9295 -0.1270
vn -0.6972 0.7042 -0.1346
vn -0.8307 0.5447 -0.1149
vn -0.4324 0.8706 -0.2347
vn -0.3451 0.9315 -0.1154
vn -0.9556 0.2936 -0.0231
vn -0.9999 0.0147 0.0091
vn -0.9736 0.2278 0.0134
vn -0.7840 -0.5531 -0.2818
vn -0.7735 -0.4199 -0.4747
vn -0.7986 -0.5522 0.2393
vn -0.7845 -0.6201 -0.0038
vn -0.9350 0.3482 -0.0672
vn -0.9926 0.0733 -0.0970
vn -0.8045 -0.3857 0.4517
vn -0.9371 0.2703 -0.2208
vn -0.9926 0.0008 -0.1218
vn -0.8686 0.2389 -0.4341
vn -0.9258 -0.0064 -0.3779
vn -0.7002 -0.7140 -0.0015
vn -0.6965 -0.7175 0.0007
vn -0.9999 -0.0009 0.0163
vn -0.7191 -0.2167 -0.6603
vn -0.9997 -0.0238 -0.0115
vn -0.7417 -0.2686 0.6147
vn -0.6948 -0.7192 -0.0027
vn -0.5736 -0.6136 0.5427
vn -0.5890 -0.5913 -0.5509
vn -0.7830 0.3135 -0.5372
vn -0.7807 0.2454 -0.5747
vn -0.6105 0.5154 -0.6013
vn -0.7659 -0.1612 0.6224
vn -0.7021 -0.6297 -0.3324
vn -0.7010 -0.6881 -0.1874
vn -0.5831 -0.6333 0.5088
vn -0.3117 0.7189 -0.6213
vn -0.3110 0.8937 0.3234
vn -0.4685 0.7844 0.4064
vn -0.4458 0.8488 0.2841
vn -0.4028 0.8159 0.4148
vn -0.3542 0.8427 0.4054
vn -0.4232 0.8337 -0.3548
vn -0.3748 0.9266 -0.0298
vn -0.6732 -0.7022 -0.2318
vn -0.6729 -0.7397 -0.0000
vn -1.0000 -0.0000 -0.0000
vn -0.6732 -0.7022 0.2318
vn -0.6741 -0.5962 0.4360
vn -0.6741 -0.4360 0.5962
vn -0.6732 -0.2318 0.7022
vn -0.6729 0.0000 0.7397
vn -0.6732 0.2318 0.7022
vn -0.6742 0.4360 0.5961
vn -0.6742 0.5961 0.4360
vn -0.6732 0.7022 0.2318
vn -0.6729 0.7397 -0.0000
vn -0.6732 0.7022 -0.2318
vn -0.6742 0.5961 -0.4360
vn -0.6742 0.4360 -0.5961
vn -0.6732 0.2318 -0.7022
vn -0.6729 -0.0000 -0.7397
vn -0.6732 -0.2318 -0.7022
vn -0.6742 -0.4360 -0.5961
vn -0.6742 -0.5961 -0.4360
vn 1.0000 0.0000 0.0000
vn 0.6729 -0.7397 0.0000
vn 0.6732 -0.7022 -0.2318
vn 0.6732 -0.7022 0.2318
vn 0.6742 -0.5961 0.4360
vn 0.6742 -0.4360 0.5961
vn 0.6732 -0.2318 0.7022
vn 0.6729 0.0000 0.7397
vn 0.6732 0.2318 0.7022
vn 0.6742 0.4360 0.5961
vn 0.6742 0.5961 0.4360
vn 0.6732 0.7022 0.2318
vn 0.6729 0.7397 -0.0000
vn 0.6732 0.7022 -0.2318
vn 0.6742 0.5961 -0.4360
vn 0.6742 0.4360 -0.5961
vn 0.6732 0.2318 -0.7022
vn 0.6729 -0.0000 -0.7397
vn 0.6732 -0.2318 -0.7022
vn 0.6742 -0.4360 -0.5961
vn 0.6742 -0.5961 -0.4360
vn 1.0000 -0.0000 -0.0000
vn 0.6729 -0.7397 -0.0000
vn 0.6729 -0.0000 0.7397
vn 0.6732 0.2318 -0.7021
vn 0.6728 -0.0000 -0.7398
vn 0.6732 -0.2318 -0.7021
vn -1.0000 0.0000 0.0000
vn -0.6729 -0.7397 0.0000
vn -0.6742 -0.5961 0.4360
vn -0.6742 -0.4360 0.5961
vn -0.6729 0.7397 0.0000
vn -0.6730 0.0000 -0.7396
vn -0.6741 0.4360 -0.5962
vn 0.6729 0.0000 -0.7397
vn 0.6729 0.0000 -0.7398
vn -0.6729 -0.0000 0.7397
vn -0.6729 0.7398 0.0000
vn 0.3682 0.7271 0.5794
vn 0.4297 0.5044 0.7490
vn 0.7467 0.3903 0.5386
vn 0.6714 0.4711 0.5721
vn 0.2755 0.5859 0.7621
vn 0.1334 0.7004 0.7011
vn 0.4400 -0.6634 0.6052
vn 0.7209 -0.2553 0.6443
vn 0.3966 -0.2908 0.8707
vn 0.2200 -0.8171 0.5329
vn 0.7949 -0.3518 0.4944
vn 0.9071 -0.0232 0.4202
vn 0.1667 -0.0485 0.9848
vn 0.1936 -0.6462 0.7382
vn 0.2005 0.3030 0.9317
vn 0.6995 -0.1450 0.6998
vn 0.5342 -0.5825 0.6127
vn 0.5791 0.2095 0.7879
vn 0.3156 0.1828 0.9311
vn 0.1767 -0.0784 0.9811
vn 0.0000 -0.5864 0.8101
vn 0.0000 0.0075 1.0000
vn -0.0000 0.2685 0.9633
vn 0.0000 0.6964 0.7177
vn -0.0000 -0.1762 0.9843
vn -0.3682 0.7271 0.5794
vn -0.6714 0.4711 0.5721
vn -0.7467 0.3903 0.5386
vn -0.4297 0.5044 0.7490
vn -0.2755 0.5859 0.7621
vn -0.1334 0.7004 0.7011
vn -0.4400 -0.6634 0.6052
vn -0.2200 -0.8171 0.5329
vn -0.3966 -0.2908 0.8707
vn -0.7209 -0.2553 0.6443
vn -0.7949 -0.3518 0.4944
vn -0.9071 -0.0232 0.4202
vn -0.1667 -0.0485 0.9848
vn -0.1936 -0.6462 0.7382
vn -0.2005 0.3030 0.9317
vn -0.5342 -0.5825 0.6127
vn -0.6995 -0.1450 0.6998
vn -0.5791 0.2095 0.7879
vn -0.3156 0.1828 0.9311
vn -0.1767 -0.0784 0.9811
vn 0.1949 0.9677 0.1600
vn 0.3879 0.9018 0.1903
vn 0.0920 0.9933 0.0702
vn 0.1481 0.9807 0.1278
vn 0.1353 0.9642 0.2281
vn 0.2102 0.9263 0.3127
vn 0.1896 0.9125 0.3624
vn 0.1569 0.9624 0.2217
vn 0.1420 0.9415 0.3057
vn 0.1914 0.8347 0.5165
vn 0.1744 0.8496 0.4977
vn 0.0948 0.9951 -0.0276
vn 0.1122 0.9920 0.0583
vn 0.1119 0.8935 -0.4349
vn 0.1196 0.9415 -0.3152
vn 0.1425 0.8785 -0.4559
vn 0.0734 0.9577 -0.2783
vn 0.0612 0.9953 -0.0745
vn 0.0588 0.6869 -0.7244
vn 0.1659 0.8662 0.4714
vn 0.1394 0.9718 0.1900
vn 0.1399 0.9184 0.3700
vn 0.0492 0.9603 -0.2745
vn 0.0910 0.9852 -0.1452
vn 0.1649 0.8532 0.4949
vn 0.1648 0.9143 0.3700
vn 0.2358 0.9323 0.2742
vn 0.0706 0.9786 0.1932
vn 0.0883 0.8657 0.4926
vn 0.0943 0.7841 0.6134
vn 0.0591 0.9928 0.1037
vn 0.0959 0.9785 0.1826
vn 0.0000 0.8841 0.4672
vn -0.0000 0.7580 0.6523
vn 0.0000 0.9884 0.1520
vn 0.0000 0.9912 0.1320
vn 0.0284 0.9906 0.1338
vn 0.0300 0.9939 0.1061
vn 0.0675 0.9941 0.0854
vn 0.0985 0.9506 0.2944
vn 0.0826 0.8803 0.4673
vn 0.0881 0.8606 0.5017
vn 0.0662 0.8824 -0.4659
vn 0.0897 0.8436 0.5294
vn 0.0793 0.9471 0.3110
vn 0.0000 0.9899 0.1420
vn 0.0000 0.9893 0.1462
vn 0.0653 0.9225 0.3803
vn 0.0530 0.9968 0.0598
vn 0.0734 0.9758 0.2061
vn 0.0000 0.9997 -0.0244
vn 0.0000 0.9976 0.0690
vn 0.0000 0.9964 -0.0848
vn 0.0000 0.9614 -0.2751
vn 0.0000 0.7450 -0.6671
vn -0.0000 0.9770 0.2133
vn -0.0000 0.9417 0.3364
vn -0.0000 0.8610 0.5087
vn 0.0000 0.9902 -0.1394
vn 0.0000 0.9431 -0.3325
vn 0.0000 0.8878 -0.4602
vn -0.0000 0.9254 0.3790
vn 0.0000 0.9779 0.2089
vn 0.0000 0.8662 0.4996
vn 0.0000 0.8847 0.4662
vn 0.0000 0.8758 -0.4827
vn -0.1949 0.9677 0.1600
vn -0.1481 0.9807 0.1278
vn -0.0920 0.9933 0.0702
vn -0.3879 0.9018 0.1903
vn -0.1353 0.9642 0.2281
vn -0.2102 0.9263 0.3127
vn -0.1569 0.9624 0.2217
vn -0.1896 0.9125 0.3624
vn -0.1420 0.9415 0.3057
vn -0.1914 0.8347 0.5165
vn -0.1744 0.8496 0.4977
vn -0.1122 0.9920 0.0583
vn -0.0948 0.9951 -0.0276
vn -0.1196 0.9415 -0.3152
vn -0.1119 0.8935 -0.4349
vn -0.1425 0.8785 -0.4559
vn -0.0734 0.9577 -0.2783
vn -0.0612 0.9953 -0.0745
vn -0.0588 0.6869 -0.7244
vn -0.1659 0.8662 0.4714
vn -0.1394 0.9718 0.1900
vn -0.1399 0.9184 0.3700
vn -0.0492 0.9603 -0.2745
vn -0.0910 0.9852 -0.1452
vn -0.1649 0.8532 0.4949
vn -0.1648 0.9143 0.3700
vn -0.0883 0.8657 0.4926
vn -0.0706 0.9786 0.1932
vn -0.2358 0.9323 0.2742
vn -0.0943 0.7841 0.6134
vn -0.0591 0.9928 0.1037
vn -0.0959 0.9785 0.1826
vn -0.0284 0.9906 0.1338
vn -0.0300 0.9939 0.1061
vn -0.0675 0.9941 0.0854
vn -0.0985 0.9506 0.2944
vn -0.0826 0.8803 0.4673
vn -0.0881 0.8606 0.5017
vn -0.0662 0.8824 -0.4659
vn -0.0897 0.8436 0.5294
vn -0.0793 0.9471 0.3110
vn -0.0653 0.9225 0.3803
vn -0.0530 0.9968 0.0598
vn -0.0734 0.9758 0.2061
vn 0.2486 0.1100 -0.9623
vn 0.4038 0.1591 -0.9009
vn 0.3353 0.4751 -0.8136
vn 0.1310 0.5085 -0.8510
vn 0.2305 0.1565 -0.9604
vn 0.0684 0.0996 -0.9927
vn 0.0810 0.5104 -0.8561
vn 0.1869 0.5287 -0.8280
vn 0.0000 0.5287 -0.8488
vn 0.0000 0.6203 -0.7843
vn 0.1494 0.1223 -0.9812
vn 0.5067 0.4297 -0.7474
vn 0.6147 0.0596 -0.7865
vn 0.5712 -0.5166 -0.6378
vn 0.1925 -0.5218 -0.8311
vn 0.0018 -0.5751 -0.8181
vn 0.0000 0.0945 -0.9955
vn 0.0000 0.1897 -0.9818
vn 0.0000 -0.5808 -0.8140
vn -0.2486 0.1100 -0.9623
vn -0.1310 0.5085 -0.8510
vn -0.3353 0.4751 -0.8136
vn -0.4038 0.1591 -0.9009
vn -0.2305 0.1565 -0.9604
vn -0.1869 0.5287 -0.8280
vn -0.0810 0.5104 -0.8561
vn -0.0684 0.0996 -0.9927
vn -0.1494 0.1223 -0.9812
vn -0.5067 0.4297 -0.7474
vn -0.6147 0.0596 -0.7865
vn -0.5712 -0.5166 -0.6378
vn -0.1925 -0.5218 -0.8311
vn -0.0018 -0.5751 -0.8181
vn -0.4359 0.8199 0.3712
vn -0.0958 0.9771 0.1899
vn -0.0734 0.8348 0.5457
vn -0.1232 0.3528 0.9275
vn 0.3954 0.6255 -0.6726
vn 0.0236 0.8145 -0.5796
vn 0.3840 0.7062 0.5948
vn 0.6651 0.4956 0.5586
vn 0.8938 0.2567 0.3677
vn 0.6068 0.2389 -0.7581
vn -0.1915 0.3321 0.9236
vn -0.3356 0.4353 0.8354
vn -0.5797 0.6484 0.4935
vn -0.7261 0.4375 0.5305
vn -0.6821 0.6290 -0.3730
vn -0.8113 0.2888 -0.5083
vn -0.1642 0.9200 0.3560
vn 0.1083 0.6315 0.7678
vn -0.2568 0.8018 -0.5396
vn -0.1516 0.6744 -0.7226
vn -0.7625 0.5589 -0.3258
vn 0.4359 0.8199 0.3712
vn 0.1232 0.3528 0.9275
vn 0.0734 0.8348 0.5457
vn 0.0958 0.9771 0.1899
vn -0.3954 0.6255 -0.6726
vn -0.6651 0.4956 0.5586
vn -0.3840 0.7062 0.5948
vn -0.0236 0.8145 -0.5796
vn -0.6068 0.2389 -0.7581
vn -0.8938 0.2567 0.3677
vn 0.1915 0.3321 0.9236
vn 0.7261 0.4375 0.5305
vn 0.5797 0.6484 0.4935
vn 0.3356 0.4353 0.8354
vn 0.8113 0.2888 -0.5083
vn 0.6821 0.6290 -0.3730
vn 0.1642 0.9200 0.3560
vn -0.1083 0.6315 0.7678
vn 0.2568 0.8018 -0.5396
vn 0.1516 0.6744 -0.7226
vn 0.7625 0.5589 -0.3258
vn 0.2763 -0.9130 -0.3003
vn 0.2883 -0.9174 0.2742
vn 0.0000 -0.9995 -0.0320
vn -0.0000 -1.0000 -0.0069
vn 0.0000 -0.9961 -0.0877
vn 0.3025 -0.9299 0.2092
vn 0.6488 -0.6014 -0.4662
vn 0.6921 -0.3819 -0.6124
vn 1.0000 0.0000 -0.0000
vn 0.6660 -0.7340 -0.1326
vn 0.6644 -0.4484 -0.5979
vn 0.6462 -0.4730 0.5989
vn 0.6651 -0.6870 0.2926
vn 0.6560 -0.6705 -0.3467
vn 0.6695 -0.1935 -0.7171
vn 0.6722 -0.1504 0.7249
vn 0.6617 -0.7497 -0.0100
vn 0.6873 -0.0441 -0.7250
vn 0.2882 -0.9012 -0.3237
vn 0.6573 -0.2552 0.7091
vn 0.6711 -0.2336 -0.7036
vn 0.6541 -0.5645 0.5034
vn 0.6597 -0.7294 0.1813
vn -0.0000 -0.9999 -0.0130
vn -0.2763 -0.9130 -0.3003
vn -0.2883 -0.9174 0.2742
vn -0.3025 -0.9299 0.2092
vn -0.6488 -0.6014 -0.4662
vn -0.6660 -0.7340 -0.1326
vn -1.0000 0.0000 -0.0000
vn -0.6921 -0.3819 -0.6124
vn -0.6644 -0.4484 -0.5979
vn -0.6560 -0.6705 -0.3467
vn -0.6651 -0.6870 0.2926
vn -0.6462 -0.4730 0.5989
vn -0.6695 -0.1935 -0.7171
vn -0.6722 -0.1504 0.7249
vn -0.6617 -0.7497 -0.0100
vn -0.6873 -0.0441 -0.7250
vn -0.6573 -0.2552 0.7091
vn -0.2882 -0.9012 -0.3237
vn -0.6711 -0.2336 -0.7036
vn -0.6541 -0.5645 0.5034
vn -0.6597 -0.7294 0.1813
vn -0.6297 -0.0428 -0.7757
vn -0.1555 -0.6105 -0.7766
vn -0.1909 -0.7756 -0.6016
vn -0.2943 -0.0077 -0.9557
vn 0.5623 -0.3205 -0.7623
vn 0.1320 -0.7083 -0.6935
vn -0.1381 -0.7295 -0.6699
vn 0.6297 -0.0428 -0.7757
vn 0.1555 -0.6105 -0.7766
vn 0.1909 -0.7756 -0.6016
vn 0.2943 -0.0077 -0.9557
vn -0.5623 -0.3205 -0.7623
vn -0.1320 -0.7083 -0.6935
vn 0.1381 -0.7295 -0.6699
vn 0.7616 -0.1058 -0.6394
vn 0.6947 0.3125 0.6478
vn 0.8353 0.0345 0.5487
vn 0.7026 -0.2961 -0.6471
vn 0.6980 0.0434 -0.7148
vn 0.6207 0.6544 0.4318
vn 0.6484 0.2128 -0.7309
vn 0.4988 0.7925 0.3509
vn -0.7616 -0.1058 -0.6394
vn -0.7026 -0.2961 -0.6471
vn -0.8353 0.0345 0.5487
vn -0.6947 0.3125 0.6478
vn -0.6207 0.6544 0.4318
vn -0.6980 0.0434 -0.7148
vn -0.6484 0.2128 -0.7309
vn -0.4988 0.7925 0.3509
vn -0.4943 -0.1129 -0.8619
vn -0.1652 0.4075 -0.8981
vn -0.1216 0.5918 0.7969
vn -0.2741 0.5571 0.7839
vn 0.0000 0.6518 -0.7584
vn 0.0000 0.7473 0.6645
vn 0.4943 -0.1129 -0.8619
vn 0.2741 0.5571 0.7839
vn 0.1216 0.5918 0.7969
vn 0.1652 0.4075 -0.8981
vn -0.1202 -0.7647 -0.6331
vn 0.0000 -0.7535 -0.6574
vn 0.0000 0.6628 -0.7488
vn 0.1455 0.6217 -0.7696
vn -0.6440 -0.4178 -0.6409
vn -0.5801 -0.4990 -0.6438
vn 0.0000 -0.1835 -0.9830
vn -0.3618 -0.6700 -0.6482
vn 0.4392 0.4812 -0.7586
vn 0.1202 -0.7647 -0.6331
vn -0.1455 0.6217 -0.7696
vn 0.5802 -0.4990 -0.6438
vn 0.6440 -0.4178 -0.6409
vn -0.4392 0.4812 -0.7586
vn 0.3618 -0.6700 -0.6482
vn -0.1745 -0.2981 0.9384
vn -0.5572 0.0579 0.8283
vn 0.2489 0.9248 0.2878
vn 0.0419 0.9431 0.3298
vn 0.2016 0.2545 0.9458
vn -0.7135 0.3422 0.6114
vn -0.7331 0.2173 0.6445
vn 0.0000 0.9462 0.3235
vn 0.0000 -0.3227 0.9465
vn 0.1745 -0.2981 0.9384
vn -0.0419 0.9431 0.3298
vn -0.2489 0.9248 0.2878
vn 0.5572 0.0579 0.8283
vn -0.2016 0.2545 0.9458
vn 0.7135 0.3422 0.6114
vn 0.7331 0.2173 0.6445
vn 0.0012 0.0000 1.0000
vn 0.0672 0.0000 0.9977
vn 0.0000 0.0000 1.0000
vn -0.0672 0.0000 0.9977
vn -0.0012 0.0000 1.0000
vn 0.0000 0.2588 -0.9659
vn 0.5132 0.1888 0.8372
vn 0.9087 -0.2869 0.3032
vn 0.2310 -0.7855 0.5742
vn 0.1999 -0.7125 0.6726
vn 0.2150 0.1595 0.9635
vn 0.4726 -0.1074 0.8747
vn 0.5469 -0.7364 0.3982
vn 0.3576 -0.7756 0.5201
vn 0.2578 -0.1159 0.9592
vn 0.1398 0.3418 0.9293
vn -0.5132 0.1888 0.8372
vn -0.9087 -0.2869 0.3032
vn -0.1999 -0.7125 0.6726
vn -0.2310 -0.7855 0.5742
vn -0.2150 0.1595 0.9635
vn -0.4726 -0.1074 0.8747
vn -0.5469 -0.7364 0.3982
vn -0.3576 -0.7756 0.5201
vn -0.2578 -0.1159 0.9592
vn -0.1398 0.3418 0.9293
# 598 vertex normals

vt 0.1684 0.8194 0.0000
vt 0.1727 0.8477 0.0000
vt 0.1199 0.8371 0.0000
vt 0.1249 0.8183 0.0000
vt 0.1724 0.8646 0.0000
vt 0.2339 0.8527 0.0000
vt 0.2371 0.8738 0.0000
vt 0.2022 0.8326 0.0000
vt 0.1641 0.8134 0.0000
vt 0.1207 0.8094 0.0000
vt 0.1452 0.7781 0.0000
vt 0.1202 0.7762 0.0000
vt 0.1419 0.7370 0.0000
vt 0.1414 0.7532 0.0000
vt 0.1084 0.7532 0.0000
vt 0.1053 0.7362 0.0000
vt 0.0960 0.8393 0.0000
vt 0.2628 0.8188 0.0000
vt 0.2838 0.8547 0.0000
vt 0.2368 0.8320 0.0000
vt 0.7399 0.9221 0.0000
vt 0.7164 0.9527 0.0000
vt 0.7000 0.9374 0.0000
vt 0.7231 0.9103 0.0000
vt 0.2908 0.8782 0.0000
vt 0.3130 0.8795 0.0000
vt 0.4145 0.8585 0.0000
vt 0.4127 0.8832 0.0000
vt 0.3377 0.8964 0.0000
vt 0.3742 0.9235 0.0000
vt 0.4134 0.9488 0.0000
vt 0.4365 0.9624 0.0000
vt 0.4784 0.9727 0.0000
vt 0.5180 0.9819 0.0000
vt 0.4730 0.9773 0.0000
vt 0.5222 0.9766 0.0000
vt 0.6565 0.8951 0.0000
vt 0.5976 0.9751 0.0000
vt 0.6325 0.9727 0.0000
vt 0.6687 0.9591 0.0000
vt 0.7917 0.9126 0.0000
vt 0.7531 0.9013 0.0000
vt 0.8671 0.8944 0.0000
vt 0.8770 0.9038 0.0000
vt 0.6752 0.9710 0.0000
vt 0.6337 0.9802 0.0000
vt 0.7250 0.8710 0.0000
vt 0.6274 0.8298 0.0000
vt 0.6668 0.8051 0.0000
vt 0.6873 0.8232 0.0000
vt 0.6597 0.8662 0.0000
vt 0.7554 0.8256 0.0000
vt 0.7801 0.8726 0.0000
vt 0.7247 0.8319 0.0000
vt 0.8157 0.8272 0.0000
vt 0.7828 0.8069 0.0000
vt 0.8635 0.8723 0.0000
vt 0.8309 0.7862 0.0000
vt 0.8774 0.7905 0.0000
vt 0.8842 0.8293 0.0000
vt 0.4356 0.7460 0.0000
vt 0.3152 0.8153 0.0000
vt 0.3335 0.7464 0.0000
vt 0.6539 0.7778 0.0000
vt 0.6090 0.7931 0.0000
vt 0.2827 0.7889 0.0000
vt 0.6023 0.7463 0.0000
vt 0.2873 0.7460 0.0000
vt 0.6512 0.7467 0.0000
vt 0.8823 0.8358 0.0000
vt 0.8852 0.8743 0.0000
vt 0.8901 0.8938 0.0000
vt 0.7944 0.7769 0.0000
vt 0.8336 0.7541 0.0000
vt 0.8747 0.7617 0.0000
vt 0.7956 0.7485 0.0000
vt 0.8936 0.9029 0.0000
vt 0.4332 0.9653 0.0000
vt 0.3299 0.9018 0.0000
vt 0.3071 0.8860 0.0000
vt 0.3681 0.9272 0.0000
vt 0.4085 0.9519 0.0000
vt 0.7591 0.9297 0.0000
vt 0.5976 0.9827 0.0000
vt 0.7113 0.7586 0.4370
vt 0.7214 0.7570 0.4370
vt 0.7214 0.7892 0.4370
vt 0.7316 0.7586 0.4370
vt 0.7405 0.7632 0.4370
vt 0.7474 0.7702 0.4370
vt 0.7520 0.7790 0.4370
vt 0.7537 0.7892 0.4370
vt 0.7520 0.7994 0.4370
vt 0.7474 0.8082 0.4370
vt 0.7405 0.8152 0.4370
vt 0.7316 0.8198 0.4370
vt 0.7214 0.8214 0.4370
vt 0.7113 0.8198 0.4370
vt 0.7024 0.8152 0.4370
vt 0.6955 0.8082 0.4370
vt 0.6909 0.7994 0.4370
vt 0.6892 0.7892 0.4370
vt 0.6909 0.7790 0.4370
vt 0.6955 0.7702 0.4370
vt 0.7024 0.7632 0.4370
vt 0.6953 0.1334 -0.5630
vt 0.6953 0.0187 -0.5630
vt 0.6591 0.0246 -0.5630
vt 0.7315 0.0246 -0.5630
vt 0.7630 0.0409 -0.5630
vt 0.7878 0.0657 -0.5630
vt 0.8041 0.0972 -0.5630
vt 0.8099 0.1334 -0.5630
vt 0.8041 0.1696 -0.5630
vt 0.7878 0.2010 -0.5630
vt 0.7630 0.2259 -0.5630
vt 0.7315 0.2422 -0.5630
vt 0.6953 0.2480 -0.5630
vt 0.6591 0.2422 -0.5630
vt 0.6276 0.2259 -0.5630
vt 0.6028 0.2010 -0.5630
vt 0.5865 0.1696 -0.5630
vt 0.5806 0.1334 -0.5630
vt 0.5865 0.0972 -0.5630
vt 0.6028 0.0657 -0.5630
vt 0.6276 0.0409 -0.5630
vt 0.5717 0.5316 0.0630
vt 0.5371 0.5316 0.0630
vt 0.5370 0.4352 0.0630
vt 0.5716 0.4352 0.0630
vt 0.6063 0.5316 0.0630
vt 0.6062 0.4352 0.0630
vt 0.6397 0.5316 0.0630
vt 0.6396 0.4352 0.0630
vt 0.6728 0.5316 0.0630
vt 0.6727 0.4352 0.0630
vt 0.7062 0.5316 0.0630
vt 0.7061 0.4352 0.0630
vt 0.7408 0.5316 0.5000
vt 0.7407 0.4352 0.0630
vt 0.7754 0.5316 0.0630
vt 0.7753 0.4352 0.0630
vt 0.8088 0.5316 0.0630
vt 0.8087 0.4352 0.0630
vt 0.8419 0.5316 0.0630
vt 0.8418 0.4352 0.0630
vt 0.1989 0.5316 0.0630
vt 0.1655 0.5316 0.0630
vt 0.1654 0.4352 0.0630
vt 0.1988 0.4352 0.0630
vt 0.2335 0.5316 0.0630
vt 0.2334 0.4352 0.0630
vt 0.2681 0.5316 0.0630
vt 0.2680 0.4352 0.0630
vt 0.3015 0.5316 0.0630
vt 0.3014 0.4352 0.0630
vt 0.3346 0.5316 0.0630
vt 0.3345 0.4352 0.0630
vt 0.3680 0.5316 0.0630
vt 0.3679 0.4352 0.0630
vt 0.4026 0.5316 0.0630
vt 0.4025 0.4352 -0.5000
vt 0.4372 0.5316 0.0630
vt 0.4371 0.4352 0.0630
vt 0.4706 0.5316 0.0630
vt 0.4705 0.4352 0.0630
vt 0.5037 0.5316 0.0630
vt 0.5036 0.4352 0.0630
vt 0.4873 0.1437 0.0000
vt 0.4939 0.1214 0.0000
vt 0.5292 0.1225 0.0000
vt 0.5236 0.1412 0.0000
vt 0.5627 0.1293 0.0000
vt 0.5588 0.1433 0.0000
vt 0.4829 0.1744 0.0000
vt 0.4210 0.1647 0.0000
vt 0.5145 0.0125 0.0000
vt 0.5243 0.0392 0.0000
vt 0.4916 0.0514 0.0000
vt 0.4825 0.0138 0.0000
vt 0.5352 0.0525 0.0000
vt 0.5565 0.0407 0.0000
vt 0.5390 0.0760 0.0000
vt 0.5629 0.0769 0.0000
vt 0.5526 0.0139 0.0000
vt 0.4178 0.0467 0.0000
vt 0.4197 0.0192 0.0000
vt 0.4170 0.1205 0.0000
vt 0.5238 0.1765 0.0000
vt 0.5486 0.1729 0.0000
vt 0.5249 0.0693 0.0000
vt 0.5221 0.0560 0.0000
vt 0.5157 0.1049 0.0000
vt 0.4941 0.1097 0.0000
vt 0.4180 0.1090 0.0000
vt 0.3022 0.0212 0.0000
vt 0.3021 0.0444 0.0000
vt 0.3023 0.1205 0.0000
vt 0.3022 0.1628 0.0000
vt 0.3022 0.1084 0.0000
vt 0.2379 0.5903 0.0000
vt 0.2870 0.5736 0.0000
vt 0.2664 0.6073 0.0000
vt 0.2423 0.6108 0.0000
vt 0.1712 0.5949 0.0000
vt 0.1716 0.5721 0.0000
vt 0.2363 0.5674 0.0000
vt 0.1178 0.6361 0.0000
vt 0.0946 0.6035 0.0000
vt 0.1813 0.6227 0.0000
vt 0.0968 0.5796 0.0000
vt 0.0798 0.6051 0.0000
vt 0.2899 0.5657 0.0000
vt 0.2916 0.6158 0.0000
vt 0.3062 0.5743 0.0000
vt 0.3121 0.5649 0.0000
vt 0.3141 0.6206 0.0000
vt 0.3290 0.5806 0.0000
vt 0.3538 0.6303 0.0000
vt 0.3673 0.5913 0.0000
vt 0.5171 0.6162 0.0000
vt 0.5967 0.6175 0.0000
vt 0.5940 0.6587 0.0000
vt 0.5119 0.6442 0.0000
vt 0.6743 0.6132 0.0000
vt 0.7155 0.6070 0.0000
vt 0.7218 0.6523 0.0000
vt 0.6824 0.6563 0.0000
vt 0.7699 0.6337 0.0000
vt 0.7582 0.5992 0.0000
vt 0.7908 0.5913 0.0000
vt 0.8035 0.6289 0.0000
vt 0.8805 0.6434 0.0000
vt 0.8761 0.5972 0.0000
vt 0.8927 0.6014 0.0000
vt 0.8990 0.6479 0.0000
vt 0.3950 0.6398 0.0000
vt 0.4076 0.6021 0.0000
vt 0.4644 0.6416 0.0000
vt 0.4222 0.6456 0.0000
vt 0.4323 0.6073 0.0000
vt 0.4721 0.6121 0.0000
vt 0.8091 0.6654 0.0000
vt 0.6328 0.6171 0.0000
vt 0.6407 0.6618 0.0000
vt 0.0838 0.6448 0.0000
vt 0.0632 0.6442 0.0000
vt 0.0990 0.6672 0.0000
vt 0.1188 0.6587 0.0000
vt 0.1212 0.6846 0.0000
vt 0.0938 0.6795 0.0000
vt 0.0780 0.6712 0.0000
vt 0.2417 0.6363 0.0000
vt 0.1793 0.6445 0.0000
vt 0.0887 0.7200 0.0000
vt 0.0723 0.7200 0.0000
vt 0.1869 0.7200 0.0000
vt 0.1740 0.7200 0.0000
vt 0.2317 0.6778 0.0000
vt 0.2491 0.6812 0.0000
vt 0.2560 0.6383 0.0000
vt 0.2835 0.6483 0.0000
vt 0.3884 0.6767 0.0000
vt 0.3471 0.6822 0.0000
vt 0.7755 0.6689 0.0000
vt 0.3081 0.6818 0.0000
vt 0.2778 0.6854 0.0000
vt 0.2475 0.7200 0.0000
vt 0.2292 0.7200 0.0000
vt 0.4186 0.6800 0.0000
vt 0.5059 0.6757 0.0000
vt 0.4567 0.6754 0.0000
vt 0.5962 0.7200 0.0000
vt 0.5017 0.7200 0.0000
vt 0.8796 0.7200 0.0000
vt 0.8119 0.7200 0.0000
vt 0.9012 0.7200 0.0000
vt 0.0565 0.7199 0.0000
vt 0.1193 0.7200 0.0000
vt 0.2759 0.7200 0.0000
vt 0.3104 0.7200 0.0000
vt 0.6403 0.7200 0.0000
vt 0.6912 0.7200 0.0000
vt 0.7280 0.7200 0.0000
vt 0.4179 0.7200 0.0000
vt 0.4539 0.7200 0.0000
vt 0.3493 0.7200 0.0000
vt 0.3874 0.7200 0.0000
vt 0.7778 0.7200 0.0000
vt 0.0833 0.2434 0.0000
vt 0.0639 0.2312 0.0000
vt 0.0590 0.1709 0.0000
vt 0.1423 0.1695 0.0000
vt 0.1016 0.1010 0.0000
vt 0.1822 0.1027 0.0000
vt 0.1469 0.1610 0.0000
vt 0.0961 0.1613 0.0000
vt 0.2770 0.1587 0.0000
vt 0.2770 0.1594 0.0000
vt 0.1053 0.2527 0.0000
vt 0.0473 0.1606 0.0000
vt 0.0476 0.0993 0.0000
vt 0.0397 0.2313 0.0000
vt 0.0317 0.1704 0.0000
vt 0.0235 0.0988 0.0000
vt 0.0208 0.0532 0.0000
vt 0.0467 0.0606 0.0000
vt 0.0626 0.2621 0.0000
vt 0.0259 0.1602 0.0000
vt 0.1000 0.0577 0.0000
vt 0.1788 0.0641 0.0000
vt 0.0873 0.2766 0.0000
vt 0.1618 0.2818 0.0000
vt 0.2772 0.1025 0.0000
vt 0.2771 0.2523 0.0000
vt 0.2772 0.0652 0.0000
vt 0.2772 0.2829 0.0000
vt 0.9286 0.1133 0.0000
vt 0.9245 0.1331 0.0000
vt 0.9171 0.1301 0.0000
vt 0.9191 0.1046 0.0000
vt 0.9682 0.0368 0.0000
vt 0.9628 0.0550 0.0000
vt 0.9427 0.0517 0.0000
vt 0.9501 0.0346 0.0000
vt 0.9533 0.0267 0.0000
vt 0.9698 0.0280 0.0000
vt 0.9210 0.0995 0.0000
vt 0.9243 0.0980 0.0000
vt 0.9330 0.1026 0.0000
vt 0.9295 0.1087 0.0000
vt 0.9474 0.1064 0.0000
vt 0.9462 0.1118 0.0000
vt 0.9367 0.0925 0.0000
vt 0.9279 0.0880 0.0000
vt 0.9515 0.0924 0.0000
vt 0.9393 0.1347 0.0000
vt 0.9398 0.1171 0.0000
vt 0.2216 0.7938 0.0000
vt 0.2216 0.7724 0.0000
vt 0.1887 0.7724 0.0000
vt 0.1887 0.7938 0.0000
vt 0.1888 0.8025 0.0000
vt 0.2216 0.8023 0.0000
vt 0.2216 0.7654 0.0000
vt 0.2216 0.7651 0.0000
vt 0.2216 0.7681 0.0000
vt 0.2216 0.7674 0.0000
vt 0.2216 0.7947 0.0000
vt 0.2216 0.8016 0.0000
vt 0.2216 0.8000 0.0000
vt 0.2216 0.7960 0.0000
vt 0.2216 0.7940 0.0000
vt 0.2216 0.7982 0.0000
vt 0.2216 0.7638 0.0000
vt 0.2216 0.7721 0.0000
vt 0.2216 0.7640 0.0000
vt 0.2216 0.7697 0.0000
vt 0.2216 0.7710 0.0000
vt 0.2216 0.7694 0.0000
vt 0.2391 0.7674 0.0000
vt 0.2390 0.7654 0.0000
vt 0.2391 0.7651 0.0000
vt 0.2386 0.7640 0.0000
vt 0.2386 0.7638 0.0000
vt 0.2387 0.7638 0.0000
vt 0.2353 0.7617 0.0000
vt 0.2282 0.7600 0.0000
vt 0.2389 0.7710 0.0000
vt 0.2391 0.7694 0.0000
vt 0.2384 0.7960 0.0000
vt 0.2384 0.7947 0.0000
vt 0.2385 0.8000 0.0000
vt 0.2385 0.7982 0.0000
vt 0.2385 0.8016 0.0000
vt 0.2375 0.7811 0.0000
vt 0.2375 0.7751 0.0000
vt 0.2373 0.7940 0.0000
vt 0.2378 0.7721 0.0000
vt 0.2375 0.7909 0.0000
vt 0.2375 0.7724 0.0000
vt 0.2375 0.7938 0.0000
vt 0.2380 0.8023 0.0000
vt 0.2354 0.8070 0.0000
vt 0.2372 0.8046 0.0000
vt 0.2378 0.8023 0.0000
vt 0.2307 0.8086 0.0000
vt 0.2210 0.8096 0.0000
vt 0.2066 0.8097 0.0000
vt 0.1887 0.8098 0.0000
vt 0.2223 0.7593 0.0000
vt 0.2106 0.7582 0.0000
vt 0.1888 0.7573 0.0000
vt 0.1887 0.7638 0.0000
vt 0.2031 0.7815 0.0000
vt 0.2010 0.7822 0.0000
vt 0.2041 0.7894 0.0000
vt 0.1918 0.7648 0.0000
vt 0.1909 0.7801 0.0000
vt 0.2050 0.7645 0.0000
vt 0.2370 0.7996 0.0000
vt 0.2476 0.7948 0.0000
vt 0.2281 0.7837 0.0000
vt 0.2527 0.7849 0.0000
vt 0.2534 0.7726 0.0000
vt 0.2489 0.7688 0.0000
vt 0.2349 0.7663 0.0000
vt 0.2073 0.7975 0.0000
vt 0.2154 0.8008 0.0000
vt 0.0912 0.4136 0.0000
vt 0.0377 0.4098 0.0000
vt 0.0373 0.4098 0.0000
vt 0.0888 0.4155 0.0000
vt 0.0934 0.4165 0.0000
vt 0.0473 0.4151 0.0000
vt 0.0979 0.4254 0.0000
vt 0.0613 0.4267 0.0000
vt 0.0641 0.4977 0.0000
vt 0.0639 0.4989 0.0000
vt 0.0493 0.4989 0.0000
vt 0.0493 0.4972 0.0000
vt 0.0658 0.5276 0.0000
vt 0.0511 0.5276 0.0000
vt 0.0781 0.4162 0.0000
vt 0.0781 0.4197 0.0000
vt 0.0785 0.4196 0.0000
vt 0.0787 0.4161 0.0000
vt 0.0752 0.4149 0.0000
vt 0.0717 0.4145 0.0000
vt 0.0715 0.4149 0.0000
vt 0.0746 0.4151 0.0000
vt 0.0699 0.4144 0.0000
vt 0.0704 0.4148 0.0000
vt 0.0679 0.4145 0.0000
vt 0.0700 0.4150 0.0000
vt 0.0734 0.4197 0.0000
vt 0.0757 0.4197 0.0000
vt 0.0770 0.4155 0.0000
vt 0.0778 0.4154 0.0000
vt 0.0774 0.4175 0.0000
vt 0.0754 0.4164 0.0000
vt 0.0767 0.4164 0.0000
vt 0.0783 0.4175 0.0000
vt 0.0607 0.4153 0.0000
vt 0.0601 0.4153 0.0000
vt 0.0607 0.4148 0.0000
vt 0.0608 0.4148 0.0000
vt 0.0657 0.4150 0.0000
vt 0.0646 0.4155 0.0000
vt 0.0727 0.4156 0.0000
vt 0.0716 0.4160 0.0000
vt 0.0790 0.4220 0.0000
vt 0.0785 0.4220 0.0000
vt 0.8920 0.4776 0.0000
vt 0.8941 0.4783 0.0000
vt 0.8946 0.4789 0.0000
vt 0.8935 0.4792 0.0000
vt 0.9161 0.4753 0.0000
vt 0.9195 0.4789 0.0000
vt 0.7345 0.3731 0.0000
vt 0.7345 0.3083 0.0000
vt 0.9528 0.3083 0.0000
vt 0.9528 0.3731 0.0000
vt 0.1040 0.4348 0.0000
vt 0.1054 0.4518 0.0000
vt 0.0694 0.4566 0.0000
vt 0.0655 0.4370 0.0000
vt 0.0560 0.4236 0.0000
vt 0.1001 0.4224 0.0000
vt 0.0991 0.4282 0.0000
vt 0.0946 0.4220 0.0000
vt 0.0364 0.4207 0.0000
vt 0.0534 0.4295 0.0000
vt 0.0929 0.4197 0.0000
vt 0.0270 0.4178 0.0000
vt 0.1028 0.4371 0.0000
vt 0.0624 0.4379 0.0000
vt 0.1045 0.4542 0.0000
vt 0.0673 0.4577 0.0000
vt 0.0711 0.5386 0.0000
vt 0.1051 0.5386 0.0000
vt 0.1046 0.5386 0.0000
vt 0.0698 0.5386 0.0000
vt 0.9356 0.1787 0.0000
vt 0.9274 0.1929 0.0000
vt 0.9096 0.2003 0.0000
vt 0.9178 0.1777 0.0000
vt 0.9343 0.1808 0.0000
vt 0.9384 0.1595 0.0000
vt 0.9355 0.1587 0.0000
vt 0.8488 0.1442 0.0000
vt 0.8679 0.1465 0.0000
vt 0.8385 0.1460 0.0000
vt 0.8252 0.1448 0.0000
vt 0.8720 0.2002 0.0000
vt 0.8691 0.1769 0.0000
vt 0.9170 0.1696 0.0000
vt 0.9314 0.1531 0.0000
vt 0.9275 0.1519 0.0000
vt 0.9178 0.1502 0.0000
vt 0.9024 0.1474 0.0000
vt 0.8687 0.1668 0.0000
vt 0.8616 0.1929 0.0000
vt 0.8601 0.1810 0.0000
vt 0.8301 0.1646 0.0000
vt 0.8547 0.1726 0.0000
vt 0.8283 0.1689 0.0000
# 507 texture coords

o s_0822
g s_0822
usemtl Standard09F041
s 1
f 1/1/1 2/2/2 3/3/3 4/4/4 
f 5/5/5 2/2/2 6/6/6 7/7/7 
f 1/1/1 8/8/8 2/2/2 
f 9/9/9 1/1/1 4/4/4 10/10/10 
f 11/11/11 9/9/9 10/10/10 12/12/12 
f 13/13/13 14/14/14 15/15/15 16/16/16 
f 14/14/14 11/11/11 12/12/12 15/15/15 
f 3/3/3 2/2/2 5/5/5 17/17/17 
f 18/18/18 19/19/19 6/6/6 20/20/20 
f 21/21/21 22/22/22 23/23/23 24/24/24 
f 8/8/8 20/20/20 6/6/6 2/2/2 
f 19/19/19 25/25/25 7/7/7 6/6/6 
f 26/26/26 25/25/25 19/19/19 
f 27/27/27 28/28/28 26/26/26 19/19/19 
f 29/29/29 26/26/26 28/28/28 
f 30/30/30 29/29/29 28/28/28 
f 31/31/31 30/30/30 28/28/28 
f 32/32/32 31/31/31 28/28/28 
f 33/33/33 32/32/32 28/28/28 
f 34/34/34 35/35/35 33/33/33 36/36/36 
f 36/36/36 33/33/33 28/28/28 
f 37/37/37 38/38/38 36/36/36 28/28/28 
f 39/39/39 38/38/38 37/37/37 
f 40/40/40 39/39/39 37/37/37 
f 41/41/41 42/42/42 43/43/43 44/44/44 
f 45/45/45 46/46/46 39/39/39 40/40/40 
f 45/45/45 40/40/40 23/23/23 22/22/22 
f 23/23/23 40/40/40 37/37/37 
f 42/42/42 21/21/21 24/24/24 47/47/47 
f 48/48/48 49/49/49 50/50/50 51/51/51 
f 52/52/52 53/53/53 47/47/47 54/54/54 
f 53/53/53 42/42/42 47/47/47 
f 24/24/24 23/23/23 37/37/37 
f 55/55/55 53/53/53 52/52/52 56/56/56 
f 57/57/57 53/53/53 55/55/55 
f 58/58/58 59/59/59 60/60/60 55/55/55 
f 50/50/50 54/54/54 47/47/47 51/51/51 
f 61/61/61 27/27/27 62/62/62 63/63/63 
f 64/64/64 49/49/49 48/48/48 65/65/65 
f 27/27/27 19/19/19 62/62/62 
f 62/62/62 19/19/19 18/18/18 66/66/66 
f 37/37/37 28/28/28 27/27/27 51/51/51 
f 65/65/65 27/27/27 61/61/61 67/67/67 
f 63/63/63 62/62/62 66/66/66 68/68/68 
f 67/67/67 69/69/69 64/64/64 65/65/65 
f 27/27/27 65/65/65 48/48/48 
f 51/51/51 27/27/27 48/48/48 
f 47/47/47 24/24/24 37/37/37 51/51/51 
f 43/43/43 42/42/42 53/53/53 57/57/57 
f 70/70/70 71/71/71 57/57/57 55/55/55 
f 60/60/60 70/70/70 55/55/55 
f 71/71/71 72/72/72 43/43/43 57/57/57 
f 58/58/58 55/55/55 56/56/56 73/73/73 
f 58/58/58 74/74/74 75/75/75 59/59/59 
f 74/74/74 58/58/58 73/73/73 76/76/76 
f 72/72/72 77/77/77 44/44/44 43/43/43 
f 35/35/35 78/78/78 32/32/32 33/33/33 
f 79/79/79 80/80/80 26/26/26 29/29/29 
f 81/81/81 79/79/79 29/29/29 30/30/30 
f 82/82/82 81/81/81 30/30/30 31/31/31 
f 78/78/78 82/82/82 31/31/31 32/32/32 
f 83/83/83 21/21/21 42/42/42 41/41/41 
f 83/83/83 22/22/22 21/21/21 
f 46/46/46 84/84/84 38/38/38 39/39/39 
f 84/84/84 34/34/34 36/36/36 38/38/38 
f 85/1/85 86/4/86 87/3/87 88/2/88 
f 89/5/89 90/7/90 91/6/91 88/2/88 
f 85/1/85 88/2/88 92/8/92 
f 93/9/93 94/10/94 86/4/86 85/1/85 
f 95/11/95 96/12/96 94/10/94 93/9/93 
f 97/13/97 98/16/98 99/15/99 100/14/100 
f 100/14/100 99/15/99 96/12/96 95/11/95 
f 87/3/87 101/17/101 89/5/89 88/2/88 
f 102/18/102 103/20/103 91/6/91 104/19/104 
f 105/21/105 106/24/106 107/23/107 108/22/108 
f 92/8/92 88/2/88 91/6/91 103/20/103 
f 104/19/104 91/6/91 90/7/90 109/25/109 
f 110/26/110 104/19/104 109/25/109 
f 111/27/111 104/19/104 110/26/110 112/28/112 
f 113/29/113 112/28/112 110/26/110 
f 114/30/114 112/28/112 113/29/113 
f 115/31/115 112/28/112 114/30/114 
f 116/32/116 112/28/112 115/31/115 
f 117/33/117 112/28/112 116/32/116 
f 118/34/118 119/36/119 117/33/117 120/35/120 
f 119/36/119 112/28/112 117/33/117 
f 121/37/121 112/28/112 119/36/119 122/38/122 
f 123/39/123 121/37/121 122/38/122 
f 124/40/124 121/37/121 123/39/123 
f 125/41/125 126/44/126 127/43/127 128/42/128 
f 129/45/129 124/40/124 123/39/123 130/46/130 
f 129/45/129 108/22/108 107/23/107 124/40/124 
f 107/23/107 121/37/121 124/40/124 
f 128/42/128 131/47/131 106/24/106 105/21/105 
f 132/48/132 133/51/133 134/50/134 135/49/135 
f 136/52/136 137/54/137 131/47/131 138/53/138 
f 138/53/138 131/47/131 128/42/128 
f 106/24/106 121/37/121 107/23/107 
f 139/55/139 140/56/140 136/52/136 138/53/138 
f 141/57/141 139/55/139 138/53/138 
f 142/58/142 139/55/139 143/60/143 144/59/144 
f 134/50/134 133/51/133 131/47/131 137/54/137 
f 145/61/145 146/63/146 147/62/147 111/27/111 
f 148/64/148 149/65/149 132/48/132 135/49/135 
f 111/27/111 147/62/147 104/19/104 
f 147/62/147 150/66/150 102/18/102 104/19/104 
f 121/37/121 133/51/133 111/27/111 112/28/112 
f 149/65/149 151/67/151 145/61/145 111/27/111 
f 146/63/146 152/68/152 150/66/150 147/62/147 
f 151/67/151 149/65/149 148/64/148 153/69/153 
f 111/27/111 132/48/132 149/65/149 
f 133/51/133 132/48/132 111/27/111 
f 131/47/131 133/51/133 121/37/121 106/24/106 
f 127/43/127 141/57/141 138/53/138 128/42/128 
f 154/70/154 139/55/139 141/57/141 155/71/155 
f 143/60/143 139/55/139 154/70/154 
f 155/71/155 141/57/141 127/43/127 156/72/156 
f 142/58/142 157/73/157 140/56/140 139/55/139 
f 142/58/142 144/59/144 158/75/158 159/74/159 
f 159/74/159 160/76/160 157/73/157 142/58/142 
f 156/72/156 127/43/127 126/44/126 161/77/161 
f 120/35/120 117/33/117 116/32/116 162/78/162 
f 163/79/163 113/29/113 110/26/110 164/80/164 
f 165/81/165 114/30/114 113/29/113 163/79/163 
f 166/82/166 115/31/115 114/30/114 165/81/165 
f 162/78/162 116/32/116 115/31/115 166/82/166 
f 167/83/167 125/41/125 128/42/128 105/21/105 
f 167/83/167 105/21/105 108/22/108 
f 130/46/130 123/39/123 122/38/122 168/84/168 
f 168/84/168 122/38/122 119/36/119 118/34/118 
s off
f 169/85/169 170/86/170 171/87/171 
f 170/86/170 172/88/172 171/87/171 
f 172/88/172 173/89/173 171/87/171 
f 173/89/173 174/90/174 171/87/171 
f 174/90/174 175/91/175 171/87/171 
f 175/91/175 176/92/176 171/87/171 
f 176/92/176 177/93/177 171/87/171 
f 177/93/177 178/94/178 171/87/171 
f 178/94/178 179/95/179 171/87/171 
f 179/95/179 180/96/180 171/87/171 
f 180/96/180 181/97/181 171/87/171 
f 181/97/181 182/98/182 171/87/171 
f 182/98/182 183/99/183 171/87/171 
f 183/99/183 184/100/184 171/87/171 
f 184/100/184 185/101/185 171/87/171 
f 185/101/185 186/102/186 171/87/171 
f 186/102/186 187/103/187 171/87/171 
f 187/103/187 188/104/188 171/87/171 
f 188/104/188 189/105/189 171/87/171 
f 189/105/189 169/85/169 171/87/171 
f 190/106/190 191/107/191 192/108/192 
f 190/106/190 193/109/193 191/107/191 
f 190/106/190 194/110/194 193/109/193 
f 190/106/190 195/111/195 194/110/194 
f 190/106/190 196/112/196 195/111/195 
f 190/106/190 197/113/197 196/112/196 
f 190/106/190 198/114/198 197/113/197 
f 190/106/190 199/115/199 198/114/198 
f 190/106/190 200/116/200 199/115/199 
f 190/106/190 201/117/201 200/116/200 
f 190/106/190 202/118/202 201/117/201 
f 190/106/190 203/119/203 202/118/202 
f 190/106/190 204/120/204 203/119/203 
f 190/106/190 205/121/205 204/120/204 
f 190/106/190 206/122/206 205/121/205 
f 190/106/190 207/123/207 206/122/206 
f 190/106/190 208/124/208 207/123/207 
f 190/106/190 209/125/209 208/124/208 
f 190/106/190 210/126/210 209/125/209 
f 190/106/190 192/108/192 210/126/210 
s 1
f 170/127/170 169/128/169 192/129/192 191/130/191 
f 172/131/172 170/127/170 191/130/191 193/132/193 
f 173/133/173 172/131/172 193/132/193 194/134/194 
f 174/135/174 173/133/173 194/134/194 195/136/195 
f 175/137/175 174/135/174 195/136/195 196/138/196 
f 176/139/176 175/137/175 196/138/196 197/140/197 
f 177/141/177 176/139/176 197/140/197 198/142/198 
f 178/143/178 177/141/177 198/142/198 199/144/199 
f 179/145/179 178/143/178 199/144/199 200/146/200 
f 180/147/180 179/148/179 200/149/200 201/150/201 
f 181/151/181 180/147/180 201/150/201 202/152/202 
f 182/153/182 181/151/181 202/152/202 203/154/203 
f 183/155/183 182/153/182 203/154/203 204/156/204 
f 184/157/184 183/155/183 204/156/204 205/158/205 
f 185/159/185 184/157/184 205/158/205 206/160/206 
f 186/161/186 185/159/185 206/160/206 207/162/207 
f 187/163/187 186/161/186 207/162/207 208/164/208 
f 188/165/188 187/163/187 208/164/208 209/166/209 
f 189/167/189 188/165/188 209/166/209 210/168/210 
f 169/128/169 189/167/189 210/168/210 192/129/192 
s off
f 211/85/192 212/87/211 213/86/212 
f 213/86/212 212/87/211 214/88/193 
f 214/88/193 212/87/211 215/89/194 
f 215/89/194 212/87/211 216/90/195 
f 216/90/195 212/87/211 217/91/196 
f 217/91/196 212/87/211 218/92/213 
f 218/92/213 212/87/211 219/93/198 
f 219/93/198 212/87/211 220/94/199 
f 220/94/199 212/87/211 221/95/200 
f 221/95/200 212/87/211 222/96/201 
f 222/96/201 212/87/211 223/97/202 
f 223/97/202 212/87/211 224/98/203 
f 224/98/203 212/87/211 225/99/204 
f 225/99/204 212/87/211 226/100/205 
f 226/100/205 212/87/211 227/101/214 
f 227/101/214 212/87/211 228/102/215 
f 228/102/215 212/87/211 229/103/216 
f 229/103/216 212/87/211 230/104/209 
f 230/104/209 212/87/211 231/105/210 
f 231/105/210 212/87/211 211/85/192 
f 232/106/217 233/108/169 234/107/218 
f 232/106/217 234/107/218 235/109/172 
f 232/106/217 235/109/172 236/110/219 
f 232/106/217 236/110/219 237/111/220 
f 232/106/217 237/111/220 238/112/175 
f 232/106/217 238/112/175 239/113/176 
f 232/106/217 239/113/176 240/114/177 
f 232/106/217 240/114/177 241/115/178 
f 232/106/217 241/115/178 242/116/179 
f 232/106/217 242/116/179 243/117/180 
f 232/106/217 243/117/180 244/118/221 
f 232/106/217 244/118/221 245/119/182 
f 232/106/217 245/119/182 246/120/183 
f 232/106/217 246/120/183 247/121/184 
f 232/106/217 247/121/184 248/122/185 
f 232/106/217 248/122/185 249/123/222 
f 232/106/217 249/123/222 250/124/187 
f 232/106/217 250/124/187 251/125/188 
f 232/106/217 251/125/188 252/126/189 
f 232/106/217 252/126/189 233/108/169 
s 1
f 213/127/212 234/130/218 233/129/169 211/128/192 
f 214/131/193 235/132/172 234/130/218 213/127/212 
f 215/133/194 236/134/219 235/132/172 214/131/193 
f 216/135/195 237/136/220 236/134/219 215/133/194 
f 217/137/196 238/138/175 237/136/220 216/135/195 
f 218/139/213 239/140/176 238/138/175 217/137/196 
f 219/141/198 240/142/177 239/140/176 218/139/213 
f 220/143/199 241/144/178 240/142/177 219/141/198 
f 221/145/200 242/146/179 241/144/178 220/143/199 
f 222/147/201 243/150/180 242/149/179 221/148/200 
f 223/151/202 244/152/221 243/150/180 222/147/201 
f 224/153/203 245/154/182 244/152/221 223/151/202 
f 225/155/204 246/156/183 245/154/182 224/153/203 
f 226/157/205 247/158/184 246/156/183 225/155/204 
f 227/159/214 248/160/185 247/158/184 226/157/205 
f 228/161/215 249/162/222 248/160/185 227/159/214 
f 229/163/216 250/164/187 249/162/222 228/161/215 
f 230/165/209 251/166/188 250/164/187 229/163/216 
f 231/167/210 252/168/189 251/166/188 230/165/209 
f 211/128/192 233/129/169 252/168/189 231/167/210 
s off
f 253/85/169 254/86/218 255/87/171 
f 254/86/218 256/88/172 255/87/171 
f 256/88/172 257/89/173 255/87/171 
f 257/89/173 258/90/220 255/87/171 
f 258/90/220 259/91/175 255/87/171 
f 259/91/175 260/92/176 255/87/171 
f 260/92/176 261/93/177 255/87/171 
f 261/93/177 262/94/178 255/87/171 
f 262/94/178 263/95/179 255/87/171 
f 263/95/179 264/96/180 255/87/171 
f 264/96/180 265/97/181 255/87/171 
f 265/97/181 266/98/182 255/87/171 
f 266/98/182 267/99/183 255/87/171 
f 267/99/183 268/100/223 255/87/171 
f 268/100/223 269/101/185 255/87/171 
f 269/101/185 270/102/186 255/87/171 
f 270/102/186 271/103/187 255/87/171 
f 271/103/187 272/104/188 255/87/171 
f 272/104/188 273/105/189 255/87/171 
f 273/105/189 253/85/169 255/87/171 
f 274/106/190 275/107/191 276/108/192 
f 274/106/190 277/109/193 275/107/191 
f 274/106/190 278/110/194 277/109/193 
f 274/106/190 279/111/195 278/110/194 
f 274/106/190 280/112/196 279/111/195 
f 274/106/190 281/113/197 280/112/196 
f 274/106/190 282/114/198 281/113/197 
f 274/106/190 283/115/199 282/114/198 
f 274/106/190 284/116/200 283/115/199 
f 274/106/190 285/117/201 284/116/200 
f 274/106/190 286/118/202 285/117/201 
f 274/106/190 287/119/203 286/118/202 
f 274/106/190 288/120/204 287/119/203 
f 274/106/190 289/121/205 288/120/204 
f 274/106/190 290/122/206 289/121/205 
f 274/106/190 291/123/224 290/122/206 
f 274/106/190 292/124/208 291/123/224 
f 274/106/190 293/125/209 292/124/208 
f 274/106/190 294/126/210 293/125/209 
f 274/106/190 276/108/192 294/126/210 
s 1
f 254/127/218 253/128/169 276/129/192 275/130/191 
f 256/131/172 254/127/218 275/130/191 277/132/193 
f 257/133/173 256/131/172 277/132/193 278/134/194 
f 258/135/220 257/133/173 278/134/194 279/136/195 
f 259/137/175 258/135/220 279/136/195 280/138/196 
f 260/139/176 259/137/175 280/138/196 281/140/197 
f 261/141/177 260/139/176 281/140/197 282/142/198 
f 262/143/178 261/141/177 282/142/198 283/144/199 
f 263/145/179 262/143/178 283/144/199 284/146/200 
f 264/147/180 263/148/179 284/149/200 285/150/201 
f 265/151/181 264/147/180 285/150/201 286/152/202 
f 266/153/182 265/151/181 286/152/202 287/154/203 
f 267/155/183 266/153/182 287/154/203 288/156/204 
f 268/157/223 267/155/183 288/156/204 289/158/205 
f 269/159/185 268/157/223 289/158/205 290/160/206 
f 270/161/186 269/159/185 290/160/206 291/162/224 
f 271/163/187 270/161/186 291/162/224 292/164/208 
f 272/165/188 271/163/187 292/164/208 293/166/209 
f 273/167/189 272/165/188 293/166/209 294/168/210 
f 253/128/169 273/167/189 294/168/210 276/129/192 
s off
f 295/85/192 296/87/211 297/86/212 
f 297/86/212 296/87/211 298/88/193 
f 298/88/193 296/87/211 299/89/194 
f 299/89/194 296/87/211 300/90/195 
f 300/90/195 296/87/211 301/91/196 
f 301/91/196 296/87/211 302/92/213 
f 302/92/213 296/87/211 303/93/198 
f 303/93/198 296/87/211 304/94/199 
f 304/94/199 296/87/211 305/95/200 
f 305/95/200 296/87/211 306/96/201 
f 306/96/201 296/87/211 307/97/202 
f 307/97/202 296/87/211 308/98/203 
f 308/98/203 296/87/211 309/99/204 
f 309/99/204 296/87/211 310/100/205 
f 310/100/205 296/87/211 311/101/214 
f 311/101/214 296/87/211 312/102/225 
f 312/102/225 296/87/211 313/103/208 
f 313/103/208 296/87/211 314/104/209 
f 314/104/209 296/87/211 315/105/210 
f 315/105/210 296/87/211 295/85/192 
f 316/106/217 317/108/169 318/107/218 
f 316/106/217 318/107/218 319/109/172 
f 316/106/217 319/109/172 320/110/219 
f 316/106/217 320/110/219 321/111/220 
f 316/106/217 321/111/220 322/112/175 
f 316/106/217 322/112/175 323/113/226 
f 316/106/217 323/113/226 324/114/177 
f 316/106/217 324/114/177 325/115/178 
f 316/106/217 325/115/178 326/116/179 
f 316/106/217 326/116/179 327/117/180 
f 316/106/217 327/117/180 328/118/227 
f 316/106/217 328/118/227 329/119/182 
f 316/106/217 329/119/182 330/120/183 
f 316/106/217 330/120/183 331/121/184 
f 316/106/217 331/121/184 332/122/185 
f 316/106/217 332/122/185 333/123/186 
f 316/106/217 333/123/186 334/124/187 
f 316/106/217 334/124/187 335/125/188 
f 316/106/217 335/125/188 336/126/189 
f 316/106/217 336/126/189 317/108/169 
s 1
f 297/127/212 318/130/218 317/129/169 295/128/192 
f 298/131/193 319/132/172 318/130/218 297/127/212 
f 299/133/194 320/134/219 319/132/172 298/131/193 
f 300/135/195 321/136/220 320/134/219 299/133/194 
f 301/137/196 322/138/175 321/136/220 300/135/195 
f 302/139/213 323/140/226 322/138/175 301/137/196 
f 303/141/198 324/142/177 323/140/226 302/139/213 
f 304/143/199 325/144/178 324/142/177 303/141/198 
f 305/145/200 326/146/179 325/144/178 304/143/199 
f 306/147/201 327/150/180 326/149/179 305/148/200 
f 307/151/202 328/152/227 327/150/180 306/147/201 
f 308/153/203 329/154/182 328/152/227 307/151/202 
f 309/155/204 330/156/183 329/154/182 308/153/203 
f 310/157/205 331/158/184 330/156/183 309/155/204 
f 311/159/214 332/160/185 331/158/184 310/157/205 
f 312/161/225 333/162/186 332/160/185 311/159/214 
f 313/163/208 334/164/187 333/162/186 312/161/225 
f 314/165/209 335/166/188 334/164/187 313/163/208 
f 315/167/210 336/168/189 335/166/188 314/165/209 
f 295/128/192 317/129/169 336/168/189 315/167/210 
f 337/169/228 338/170/229 339/171/230 340/172/231 
f 10/173/10 4/174/4 340/172/231 339/171/230 
f 341/175/232 342/176/233 337/169/228 340/172/231 
f 343/177/234 344/178/235 345/179/236 346/180/237 
f 347/181/238 344/178/235 15/182/15 
f 348/183/239 347/181/238 15/182/15 12/184/12 
f 348/183/239 12/184/12 10/173/10 339/171/230 
f 16/185/16 15/182/15 344/178/235 343/177/234 
f 349/186/240 350/187/241 346/180/237 345/179/236 
f 351/188/242 338/170/229 337/169/228 342/176/233 
f 17/189/17 341/175/232 340/172/231 
f 17/189/17 340/172/231 4/174/4 3/190/3 
f 347/181/238 348/183/239 352/191/243 353/192/244 
f 354/193/245 352/191/243 348/183/239 339/171/230 
f 338/170/229 355/194/246 354/193/245 339/171/230 
f 355/194/246 345/179/236 352/191/243 354/193/245 
f 344/178/235 347/181/238 353/192/244 345/179/236 
f 353/192/244 352/191/243 345/179/236 
f 345/179/236 355/194/246 356/195/247 349/186/240 
f 351/188/242 356/195/247 355/194/246 338/170/229 
f 357/196/248 350/187/241 349/186/240 358/197/249 
f 359/198/250 351/188/242 342/176/233 360/199/251 
f 358/197/249 349/186/240 356/195/247 361/200/252 
f 361/200/252 356/195/247 351/188/242 359/198/250 
f 362/169/253 363/172/254 364/171/255 365/170/256 
f 94/173/94 364/171/255 363/172/254 86/174/86 
f 366/175/257 363/172/254 362/169/253 367/176/258 
f 368/177/259 369/180/260 370/179/261 371/178/262 
f 372/181/263 99/182/99 371/178/262 
f 373/183/264 96/184/96 99/182/99 372/181/263 
f 373/183/264 364/171/255 94/173/94 96/184/96 
f 98/185/98 368/177/259 371/178/262 99/182/99 
f 374/186/265 370/179/261 369/180/260 375/187/266 
f 376/188/267 367/176/258 362/169/253 365/170/256 
f 101/189/101 363/172/254 366/175/257 
f 101/189/101 87/190/87 86/174/86 363/172/254 
f 372/181/263 377/192/268 378/191/269 373/183/264 
f 379/193/270 364/171/255 373/183/264 378/191/269 
f 365/170/256 364/171/255 379/193/270 380/194/271 
f 380/194/271 379/193/270 378/191/269 370/179/261 
f 371/178/262 370/179/261 377/192/268 372/181/263 
f 377/192/268 370/179/261 378/191/269 
f 370/179/261 374/186/265 381/195/272 380/194/271 
f 376/188/267 365/170/256 380/194/271 381/195/272 
f 357/196/248 358/197/249 374/186/265 375/187/266 
f 359/198/250 360/199/251 367/176/258 376/188/267 
f 358/197/249 361/200/252 381/195/272 374/186/265 
f 361/200/252 359/198/250 376/188/267 381/195/272 
f 382/201/273 383/202/274 384/203/275 385/204/276 
f 382/201/273 386/205/277 5/206/5 7/207/7 
f 387/208/278 388/209/279 386/205/277 389/210/280 
f 386/205/277 388/209/279 17/211/17 5/206/5 
f 388/209/279 341/212/232 17/211/17 
f 7/207/7 25/213/25 383/202/274 382/201/273 
f 389/210/280 386/205/277 382/201/273 385/204/276 
f 390/214/281 384/203/275 383/202/274 80/215/80 
f 80/215/80 383/202/274 25/213/25 26/216/26 
f 391/217/282 390/214/281 80/215/80 79/218/79 
f 392/219/283 391/217/282 79/218/79 81/220/81 
f 34/221/34 84/222/84 393/223/284 394/224/285 
f 45/225/45 22/226/22 395/227/286 396/228/287 
f 397/229/288 83/230/83 41/231/41 398/232/289 
f 399/233/290 44/234/44 77/235/77 400/236/291 
f 41/231/41 44/234/44 398/232/289 
f 401/237/292 392/219/283 81/220/81 82/238/82 
f 402/239/293 403/240/294 78/241/78 35/242/35 
f 403/240/294 401/237/292 82/238/82 78/241/78 
f 22/226/22 83/230/83 397/229/288 395/227/286 
f 398/232/289 44/234/44 399/233/290 404/243/295 
f 394/224/285 402/239/293 35/242/35 34/221/34 
f 46/244/46 405/245/296 393/223/284 84/222/84 
f 405/245/296 46/244/46 45/225/45 396/228/287 
f 406/246/297 342/247/233 341/212/232 388/209/279 
f 407/248/298 408/249/299 409/250/300 410/251/301 
f 387/208/278 408/249/299 407/248/298 406/246/297 
f 411/252/302 342/247/233 406/246/297 
f 388/209/279 387/208/278 406/246/297 
f 412/253/303 413/254/304 389/210/280 385/204/276 
f 413/254/304 408/249/299 387/208/278 389/210/280 
f 407/248/298 410/251/301 411/252/302 406/246/297 
f 410/251/301 414/255/305 415/256/306 411/252/302 
f 409/250/300 408/249/299 413/254/304 416/257/307 417/258/308 
f 418/259/309 413/254/304 412/253/303 
f 419/260/310 418/259/309 412/253/303 420/261/311 
f 420/261/311 384/203/275 390/214/281 421/262/312 
f 422/263/313 423/264/314 392/219/283 401/237/292 
f 424/265/315 397/229/288 398/232/289 404/243/295 
f 420/261/311 412/253/303 385/204/276 384/203/275 
f 425/266/316 426/267/317 421/262/312 391/217/282 
f 419/260/310 427/268/318 428/269/319 418/259/309 
f 391/217/282 421/262/312 390/214/281 
f 419/260/310 420/261/311 421/262/312 426/267/317 
f 392/219/283 423/264/314 425/266/316 391/217/282 
f 403/240/294 429/270/320 422/263/313 401/237/292 
f 430/271/321 431/272/322 402/239/293 394/224/285 
f 430/271/321 393/223/284 432/273/323 433/274/324 
f 431/272/322 429/270/320 403/240/294 402/239/293 
f 404/243/295 399/233/290 434/275/325 435/276/326 
f 395/227/286 397/229/288 424/265/315 
f 393/223/284 430/271/321 394/224/285 
f 434/275/325 399/233/290 400/236/291 436/277/327 
f 360/278/251 342/247/233 411/252/302 415/256/306 
f 414/255/305 410/251/301 409/250/300 437/279/328 
f 416/257/307 413/254/304 418/259/309 428/269/319 
f 437/279/328 409/250/300 417/258/308 
f 438/280/329 426/267/317 425/266/316 439/281/330 
f 432/273/323 393/223/284 405/245/296 440/282/331 
f 441/283/332 396/228/287 395/227/286 442/284/333 
f 443/285/334 429/270/320 431/272/322 444/286/335 
f 427/268/318 419/260/310 426/267/317 438/280/329 
f 439/281/330 425/266/316 423/264/314 445/287/336 
f 445/287/336 423/264/314 422/263/313 446/288/337 
f 446/288/337 422/263/313 429/270/320 443/285/334 
f 447/289/338 424/265/315 404/243/295 435/276/326 
f 442/284/333 395/227/286 424/265/315 447/289/338 
f 440/282/331 405/245/296 396/228/287 441/283/332 
f 444/286/335 431/272/322 430/271/321 433/274/324 
f 448/201/339 449/204/340 450/203/341 451/202/342 
f 448/201/339 90/207/90 89/206/89 452/205/343 
f 453/208/344 454/210/345 452/205/343 455/209/346 
f 452/205/343 89/206/89 101/211/101 455/209/346 
f 455/209/346 101/211/101 366/212/257 
f 90/207/90 448/201/339 451/202/342 109/213/109 
f 454/210/345 449/204/340 448/201/339 452/205/343 
f 456/214/347 164/215/164 451/202/342 450/203/341 
f 164/215/164 110/216/110 109/213/109 451/202/342 
f 457/217/348 163/218/163 164/215/164 456/214/347 
f 458/219/349 165/220/165 163/218/163 457/217/348 
f 118/221/118 459/224/350 460/223/351 168/222/168 
f 129/225/129 461/228/352 462/227/353 108/226/108 
f 463/229/354 464/232/355 125/231/125 167/230/167 
f 465/233/356 466/236/357 161/235/161 126/234/126 
f 125/231/125 464/232/355 126/234/126 
f 467/237/358 166/238/166 165/220/165 458/219/349 
f 468/239/359 120/242/120 162/241/162 469/240/360 
f 469/240/360 162/241/162 166/238/166 467/237/358 
f 108/226/108 462/227/353 463/229/354 167/230/167 
f 464/232/355 470/243/361 465/233/356 126/234/126 
f 459/224/350 118/221/118 120/242/120 468/239/359 
f 130/244/130 168/222/168 460/223/351 471/245/362 
f 471/245/362 461/228/352 129/225/129 130/244/130 
f 472/246/363 455/209/346 366/212/257 367/247/258 
f 473/248/364 474/251/365 475/250/366 476/249/367 
f 453/208/344 472/246/363 473/248/364 476/249/367 
f 477/252/368 472/246/363 367/247/258 
f 455/209/346 472/246/363 453/208/344 
f 478/253/369 449/204/340 454/210/345 479/254/370 
f 479/254/370 454/210/345 453/208/344 476/249/367 
f 473/248/364 472/246/363 477/252/368 474/251/365 
f 474/251/365 477/252/368 415/256/306 414/255/305 
f 475/250/366 417/258/308 416/257/307 479/254/370 476/249/367 
f 480/259/371 478/253/369 479/254/370 
f 481/260/372 482/261/373 478/253/369 480/259/371 
f 482/261/373 483/262/374 456/214/347 450/203/341 
f 484/263/375 467/237/358 458/219/349 485/264/376 
f 486/265/377 470/243/361 464/232/355 463/229/354 
f 482/261/373 450/203/341 449/204/340 478/253/369 
f 487/266/378 457/217/348 483/262/374 488/267/379 
f 481/260/372 480/259/371 428/269/319 427/268/318 
f 457/217/348 456/214/347 483/262/374 
f 481/260/372 488/267/379 483/262/374 482/261/373 
f 458/219/349 457/217/348 487/266/378 485/264/376 
f 469/240/360 467/237/358 484/263/375 489/270/380 
f 490/271/381 459/224/350 468/239/359 491/272/382 
f 490/271/381 433/274/324 432/273/323 460/223/351 
f 491/272/382 468/239/359 469/240/360 489/270/380 
f 470/243/361 435/276/326 434/275/325 465/233/356 
f 462/227/353 486/265/377 463/229/354 
f 460/223/351 459/224/350 490/271/381 
f 434/275/325 436/277/327 466/236/357 465/233/356 
f 360/278/251 415/256/306 477/252/368 367/247/258 
f 414/255/305 437/279/328 475/250/366 474/251/365 
f 416/257/307 428/269/319 480/259/371 479/254/370 
f 437/279/328 417/258/308 475/250/366 
f 438/280/329 439/281/330 487/266/378 488/267/379 
f 432/273/323 440/282/331 471/245/362 460/223/351 
f 441/283/332 442/284/333 462/227/353 461/228/352 
f 443/285/334 444/286/335 491/272/382 489/270/380 
f 427/268/318 438/280/329 488/267/379 481/260/372 
f 439/281/330 445/287/336 485/264/376 487/266/378 
f 445/287/336 446/288/337 484/263/375 485/264/376 
f 446/288/337 443/285/334 489/270/380 484/263/375 
f 447/289/338 435/276/326 470/243/361 486/265/377 
f 442/284/333 447/289/338 486/265/377 462/227/353 
f 440/282/331 441/283/332 461/228/352 471/245/362 
f 444/286/335 433/274/324 490/271/381 491/272/382 
f 492/290/383 493/291/384 494/292/385 495/293/386 
f 496/294/387 497/295/388 498/296/389 499/297/390 
f 498/296/389 500/298/391 501/299/392 495/293/386 
f 502/300/393 492/290/383 495/293/386 
f 499/297/390 498/296/389 495/293/386 494/292/385 
f 503/301/394 499/297/390 494/292/385 
f 504/302/395 496/294/387 499/297/390 503/301/394 
f 494/292/385 493/291/384 71/303/71 70/304/70 
f 59/305/59 75/306/75 505/307/396 504/302/395 
f 72/308/72 71/303/71 493/291/384 492/290/383 
f 70/304/70 60/309/60 503/301/394 494/292/385 
f 505/307/396 506/310/397 496/294/387 504/302/395 
f 507/311/398 497/295/388 496/294/387 506/310/397 
f 504/302/395 503/301/394 60/309/60 59/305/59 
f 77/312/77 72/308/72 492/290/383 502/300/393 
f 400/313/291 77/312/77 502/300/393 
f 500/298/391 498/296/389 497/295/388 508/314/399 
f 509/315/400 502/300/393 495/293/386 501/299/392 
f 508/314/399 497/295/388 507/311/398 510/316/401 
f 436/317/327 400/313/291 502/300/393 509/315/400 
f 511/290/402 512/293/403 513/292/404 514/291/405 
f 515/294/406 516/297/407 517/296/408 518/295/409 
f 517/296/408 512/293/403 501/299/392 500/298/391 
f 519/300/410 512/293/403 511/290/402 
f 516/297/407 513/292/404 512/293/403 517/296/408 
f 520/301/411 513/292/404 516/297/407 
f 521/302/412 520/301/411 516/297/407 515/294/406 
f 513/292/404 154/304/154 155/303/155 514/291/405 
f 144/305/144 521/302/412 522/307/413 158/306/158 
f 156/308/156 511/290/402 514/291/405 155/303/155 
f 154/304/154 513/292/404 520/301/411 143/309/143 
f 522/307/413 521/302/412 515/294/406 523/310/414 
f 524/311/415 523/310/414 515/294/406 518/295/409 
f 521/302/412 144/305/144 143/309/143 520/301/411 
f 161/312/161 519/300/410 511/290/402 156/308/156 
f 466/313/357 519/300/410 161/312/161 
f 500/298/391 508/314/399 518/295/409 517/296/408 
f 509/315/400 501/299/392 512/293/403 519/300/410 
f 508/314/399 510/316/401 524/311/415 518/295/409 
f 436/317/327 509/315/400 519/300/410 466/313/357 
f 525/318/416 526/319/417 527/320/418 528/321/419 
f 529/322/420 530/323/421 531/324/422 532/325/423 
f 532/325/423 533/326/424 534/327/425 529/322/420 
f 535/328/426 536/329/427 537/330/428 538/331/429 
f 537/330/428 539/332/430 540/333/431 538/331/429 
f 541/334/432 542/335/433 531/324/422 
f 541/334/432 537/330/428 536/329/427 542/335/433 
f 543/336/434 541/334/432 531/324/422 530/323/421 
f 544/337/435 526/319/417 525/318/416 545/338/436 
f 537/330/428 541/334/432 543/336/434 539/332/430 
f 525/318/416 528/321/419 535/328/426 538/331/429 
f 540/333/431 545/338/436 525/318/416 538/331/429 
f 546/318/437 547/321/438 548/320/439 549/319/440 
f 550/322/441 551/325/442 552/324/443 553/323/444 
f 551/325/442 550/322/441 554/327/445 555/326/446 
f 556/328/447 557/331/448 558/330/449 559/329/450 
f 558/330/449 557/331/448 560/333/451 561/332/452 
f 562/334/453 552/324/443 563/335/454 
f 562/334/453 563/335/454 559/329/450 558/330/449 
f 564/336/455 553/323/444 552/324/443 562/334/453 
f 565/337/456 566/338/457 546/318/437 549/319/440 
f 558/330/449 561/332/452 564/336/455 562/334/453 
f 546/318/437 557/331/448 556/328/447 547/321/438 
f 560/333/451 557/331/448 546/318/437 566/338/457 
s off
f 567/339/458 568/340/459 569/341/460 570/342/461 
f 567/339/458 570/342/461 571/343/462 572/344/463 
f 573/345/464 574/346/465 575/347/466 576/348/467 
f 577/349/468 578/350/469 579/351/470 580/352/471 
f 581/353/472 567/339/458 572/344/463 582/344/473 
f 577/349/468 581/353/472 582/344/473 578/350/469 
f 579/351/470 583/354/474 580/352/471 
f 584/355/475 585/355/476 568/340/459 586/356/477 
f 587/357/478 584/355/475 586/356/477 588/358/466 
f 574/346/465 587/357/478 588/358/466 575/347/466 
f 586/356/477 589/359/479 588/358/466 
f 588/358/466 589/359/479 590/360/480 575/347/466 
f 575/347/466 590/360/480 576/348/467 
f 8/361/8 1/362/1 573/345/464 576/348/467 
f 1/362/1 9/363/9 574/346/465 573/345/464 
f 9/363/9 11/364/11 587/357/478 574/346/465 
f 14/365/14 13/366/13 585/355/476 584/355/475 
f 13/366/13 16/367/16 585/355/476 
f 16/367/16 343/368/234 585/355/476 
f 11/364/11 14/365/14 584/355/475 587/357/478 
f 18/369/18 20/370/20 590/360/480 589/359/479 
f 20/370/20 8/361/8 576/348/467 590/360/480 
f 50/371/50 49/372/49 577/349/468 580/352/471 
f 52/373/52 54/374/54 583/354/474 579/351/470 
f 56/375/56 52/373/52 579/351/470 578/350/469 
f 54/374/54 50/371/50 580/352/471 583/354/474 
f 61/376/61 63/377/63 568/340/459 
f 49/372/49 64/378/64 581/353/472 577/349/468 
f 66/379/66 18/369/18 589/359/479 586/356/477 
f 67/380/67 61/376/61 568/340/459 567/339/458 
f 68/381/68 66/379/66 586/356/477 568/340/459 
f 63/377/63 68/381/68 568/340/459 
f 69/382/69 67/380/67 567/339/458 
f 64/378/64 69/382/69 567/339/458 581/353/472 
f 73/383/73 56/375/56 578/350/469 582/344/473 
f 75/384/75 74/385/74 572/344/463 
f 76/386/76 73/383/73 582/344/473 572/344/463 
f 74/385/74 76/386/76 572/344/463 
f 75/384/75 572/344/463 505/387/396 
f 505/387/396 572/344/463 506/388/397 
f 506/388/397 572/344/463 507/389/398 
f 507/389/398 572/344/463 571/343/462 510/390/401 
f 343/368/234 346/391/237 585/355/476 
f 346/391/237 350/392/241 585/355/476 
f 585/355/476 350/392/241 357/393/248 591/394/481 
f 569/341/460 568/340/459 585/355/476 591/394/481 
f 592/339/482 570/342/461 569/341/460 593/340/483 
f 592/339/482 594/344/484 571/343/462 570/342/461 
f 595/345/485 596/348/486 597/347/487 598/346/488 
f 599/349/489 600/352/490 601/351/491 602/350/492 
f 603/353/493 604/344/494 594/344/484 592/339/482 
f 599/349/489 602/350/492 604/344/494 603/353/493 
f 601/351/491 600/352/490 605/354/495 
f 606/355/496 607/356/497 593/340/483 608/355/498 
f 609/357/499 610/358/487 607/356/497 606/355/496 
f 598/346/488 597/347/487 610/358/487 609/357/499 
f 607/356/497 610/358/487 611/359/500 
f 610/358/487 597/347/487 612/360/501 611/359/500 
f 597/347/487 596/348/486 612/360/501 
f 92/361/92 596/348/486 595/345/485 85/362/85 
f 85/362/85 595/345/485 598/346/488 93/363/93 
f 93/363/93 598/346/488 609/357/499 95/364/95 
f 100/365/100 606/355/496 608/355/498 97/366/97 
f 97/366/97 608/355/498 98/367/98 
f 98/367/98 608/355/498 368/368/259 
f 95/364/95 609/357/499 606/355/496 100/365/100 
f 102/369/102 611/359/500 612/360/501 103/370/103 
f 103/370/103 612/360/501 596/348/486 92/361/92 
f 134/371/134 600/352/490 599/349/489 135/372/135 
f 136/373/136 601/351/491 605/354/495 137/374/137 
f 140/375/140 602/350/492 601/351/491 136/373/136 
f 137/374/137 605/354/495 600/352/490 134/371/134 
f 145/376/145 593/340/483 146/377/146 
f 135/372/135 599/349/489 603/353/493 148/378/148 
f 150/379/150 607/356/497 611/359/500 102/369/102 
f 151/380/151 592/339/482 593/340/483 145/376/145 
f 152/381/152 593/340/483 607/356/497 150/379/150 
f 146/377/146 593/340/483 152/381/152 
f 153/382/153 592/339/482 151/380/151 
f 148/378/148 603/353/493 592/339/482 153/382/153 
f 157/383/157 604/344/494 602/350/492 140/375/140 
f 158/384/158 594/344/484 159/385/159 
f 160/386/160 594/344/484 604/344/494 157/383/157 
f 159/385/159 594/344/484 160/386/160 
f 158/384/158 522/387/413 594/344/484 
f 522/387/413 523/388/414 594/344/484 
f 523/388/414 524/389/415 594/344/484 
f 524/389/415 510/390/401 571/343/462 594/344/484 
f 368/368/259 608/355/498 369/391/260 
f 369/391/260 608/355/498 375/392/266 
f 608/355/498 591/394/481 357/393/248 375/392/266 
f 569/341/460 591/394/481 608/355/498 593/340/483 
s 1
f 613/395/502 545/396/436 540/397/431 
f 614/398/503 544/399/435 545/396/436 615/400/504 
f 613/395/502 615/400/504 545/396/436 
s off
f 530/401/421 529/402/420 616/403/505 
f 529/402/420 534/404/425 616/403/505 
f 534/404/425 617/405/506 616/403/505 
f 618/406/507 619/407/508 616/403/505 
f 619/407/508 615/400/504 616/403/505 
f 540/397/431 539/408/430 616/403/505 
f 543/409/434 530/401/421 616/403/505 
f 539/408/430 543/409/434 616/403/505 
f 613/395/502 540/397/431 616/403/505 
f 617/405/506 618/406/507 616/403/505 
f 615/400/504 613/395/502 616/403/505 
s 1
f 620/395/509 560/397/451 566/396/457 
f 621/398/510 622/400/511 566/396/457 565/399/456 
f 620/395/509 566/396/457 622/400/511 
s off
f 553/401/444 623/403/512 550/402/441 
f 550/402/441 623/403/512 554/404/445 
f 554/404/445 623/403/512 624/405/513 
f 625/406/514 623/403/512 626/407/515 
f 626/407/515 623/403/512 622/400/511 
f 560/397/451 623/403/512 561/408/452 
f 564/409/455 623/403/512 553/401/444 
f 561/408/452 623/403/512 564/409/455 
f 620/395/509 623/403/512 560/397/451 
f 624/405/513 623/403/512 625/406/514 
f 622/400/511 623/403/512 620/395/509 
s 1
f 627/410/516 628/411/517 629/412/518 630/413/519 
f 627/410/516 631/414/520 632/415/521 628/411/517 
f 633/416/522 634/417/523 632/415/521 631/414/520 
f 635/410/524 636/413/525 637/412/526 638/411/527 
f 635/410/524 638/411/527 639/415/528 640/414/529 
f 641/416/530 640/414/529 639/415/528 642/417/531 
s off
f 643/418/532 644/419/533 645/420/534 646/421/535 
f 644/419/533 647/422/536 648/423/537 645/420/534 
f 649/418/538 650/421/539 651/420/540 652/419/541 
f 652/419/541 651/420/540 648/423/537 647/422/536 
s 1
f 653/424/542 654/425/543 655/426/544 656/427/545 
f 633/428/522 631/429/520 657/430/546 658/431/547 
f 631/429/520 627/432/516 643/433/532 657/430/546 
f 643/433/532 627/432/516 630/434/519 644/435/533 
f 644/435/533 630/434/519 659/436/548 647/437/536 
f 658/431/547 660/438/549 661/439/550 633/428/522 
f 656/427/545 661/439/550 660/438/549 653/424/542 
f 662/424/551 663/427/552 655/426/544 654/425/543 
f 641/428/530 664/431/553 665/430/554 640/429/529 
f 640/429/529 665/430/554 649/433/538 635/432/524 
f 649/433/538 652/435/541 636/434/525 635/432/524 
f 652/435/541 647/437/536 659/436/548 636/434/525 
f 664/431/553 641/428/530 666/439/555 667/438/556 
f 663/427/552 662/424/551 667/438/556 666/439/555 
f 668/440/557 669/441/558 670/442/559 671/443/560 
f 646/444/535 672/445/561 629/446/518 628/447/517 
f 632/448/521 673/449/562 646/444/535 628/447/517 
f 673/449/562 632/448/521 634/450/523 674/451/563 
f 634/450/523 670/442/559 669/441/558 674/451/563 
f 668/440/557 671/443/560 675/452/564 676/453/565 
f 677/440/566 678/443/567 679/442/568 680/441/569 
f 650/444/539 638/447/527 637/446/526 681/445/570 
f 639/448/528 638/447/527 650/444/539 682/449/571 
f 682/449/571 683/451/572 642/450/531 639/448/528 
f 642/450/531 683/451/572 680/441/569 679/442/568 
f 677/440/566 676/453/565 675/452/564 678/443/567 
s off
f 646/454/535 645/455/534 684/456/573 685/457/574 
f 645/455/534 648/458/537 686/459/575 684/456/573 
f 650/454/539 687/457/576 688/456/577 651/455/540 
f 651/455/540 688/456/577 686/459/575 648/458/537 
s 1
f 689/460/575 690/461/575 691/462/575 692/463/575 
f 693/460/578 694/461/578 695/462/578 696/463/578 
f 661/464/550 656/465/545 671/466/560 670/467/559 
f 670/467/559 634/468/523 633/469/522 661/464/550 
s off
f 658/470/547 657/471/546 673/472/562 674/473/563 
f 657/471/546 643/474/532 646/475/535 673/472/562 
f 660/476/549 658/470/547 674/473/563 669/477/558 
f 653/478/542 660/476/549 669/477/558 668/479/557 
s 1
f 675/480/564 671/466/560 656/465/545 655/481/544 
s off
f 654/482/543 653/478/542 668/479/557 676/483/565 
s 1
f 666/464/555 679/467/568 678/466/567 663/465/552 
f 679/467/568 666/464/555 641/469/530 642/468/531 
s off
f 664/470/553 683/473/572 682/472/571 665/471/554 
f 665/471/554 682/472/571 650/475/539 649/474/538 
f 667/476/556 680/477/569 683/473/572 664/470/553 
f 662/478/551 677/479/566 680/477/569 667/476/556 
s 1
f 675/480/564 655/481/544 663/465/552 678/466/567 
s off
f 654/482/543 676/483/565 677/479/566 662/478/551 
s 1
f 533/484/424 532/485/423 531/486/422 697/487/579 
f 534/488/425 533/484/424 698/489/580 617/490/506 
f 615/491/504 699/492/581 700/493/582 614/494/503 
f 697/487/579 531/486/422 542/495/433 701/496/583 
f 697/487/579 702/497/584 698/489/580 533/484/424 
f 703/498/585 698/489/580 702/497/584 
f 618/499/507 703/498/585 704/500/586 619/501/508 
f 619/501/508 704/500/586 699/492/581 615/491/504 
f 697/487/579 701/496/583 705/502/587 702/497/584 
f 704/500/586 703/498/585 702/497/584 
f 536/503/427 535/504/426 701/496/583 542/495/433 
f 706/505/588 705/502/587 528/506/419 527/507/418 
f 535/504/426 528/506/419 705/502/587 701/496/583 
f 705/502/587 706/505/588 700/493/582 699/492/581 
f 702/497/584 705/502/587 699/492/581 704/500/586 
f 617/490/506 698/489/580 703/498/585 618/499/507 
f 555/484/446 707/487/589 552/486/443 551/485/442 
f 554/488/445 624/490/513 708/489/590 555/484/446 
f 622/491/511 621/494/510 709/493/591 710/492/592 
f 707/487/589 711/496/593 563/495/454 552/486/443 
f 707/487/589 555/484/446 708/489/590 712/497/594 
f 713/498/595 712/497/594 708/489/590 
f 625/499/514 626/501/515 714/500/596 713/498/595 
f 626/501/515 622/491/511 710/492/592 714/500/596 
f 707/487/589 712/497/594 715/502/597 711/496/593 
f 714/500/596 712/497/594 713/498/595 
f 559/503/450 563/495/454 711/496/593 556/504/447 
f 716/505/598 548/507/439 547/506/438 715/502/597 
f 556/504/447 711/496/593 715/502/597 547/506/438 
f 715/502/597 710/492/592 709/493/591 716/505/598 
f 712/497/594 714/500/596 710/492/592 715/502/597 
f 624/490/513 625/499/514 713/498/595 708/489/590 
# 540 polygons - 290 triangles

